ret: 0.32890194308486476
mtx: [[606.42428705   0.         320.3971664 ]
 [  0.         607.16835468 219.84335448]
 [  0.           0.           1.        ]]
dist: [[-0.00895433 -0.12056427 -0.00618839  0.00344274  0.4009607 ]]
rvecs: [array([[-0.35699707],
       [ 0.48692329],
       [ 1.67452883]]), array([[-0.31254879],
       [ 0.41969506],
       [ 1.63787999]]), array([[-0.55826689],
       [-0.14370467],
       [-1.51269871]]), array([[0.18347619],
       [0.64912817],
       [1.20279412]]), array([[0.16815215],
       [0.63835348],
       [1.20247464]]), array([[0.64841343],
       [1.04710189],
       [1.18035518]]), array([[0.46656598],
       [0.73438148],
       [1.35313095]]), array([[-0.20346822],
       [ 0.35878531],
       [ 0.68756514]]), array([[-0.15874931],
       [-0.43134532],
       [ 0.0159147 ]]), array([[ 0.02346787],
       [-0.69312142],
       [-0.01406306]]), array([[ 0.07671432],
       [-0.75762603],
       [ 0.02221147]]), array([[ 0.05482651],
       [-0.76535986],
       [ 0.01752658]]), array([[ 0.08005536],
       [-0.71659072],
       [ 0.08471632]]), array([[ 0.07760062],
       [-0.73881036],
       [ 0.08503314]]), array([[ 0.06869688],
       [-0.77160332],
       [ 0.05386449]]), array([[-0.52185131],
       [ 0.28004296],
       [ 2.26367882]]), array([[-0.31428152],
       [ 0.25824675],
       [ 2.18203744]]), array([[0.01532667],
       [0.63510415],
       [1.91681454]]), array([[0.23406016],
       [1.04594004],
       [1.4382403 ]]), array([[0.21673485],
       [1.04003823],
       [1.42999872]]), array([[0.21459345],
       [1.04089159],
       [1.41821837]]), array([[ 0.10947347],
       [-0.23737018],
       [ 0.06875884]]), array([[-0.28834935],
       [-0.23981449],
       [ 3.05615791]]), array([[-0.29060316],
       [-0.28491835],
       [ 3.0443613 ]]), array([[ 0.28107828],
       [-0.19046459],
       [ 0.00516879]]), array([[0.48742082],
       [0.34097173],
       [2.62169008]]), array([[0.55092235],
       [0.39074058],
       [2.59845999]]), array([[0.53519485],
       [0.36860956],
       [2.60595099]]), array([[0.37459515],
       [0.92908734],
       [1.63592698]]), array([[0.45409247],
       [0.98536215],
       [1.63449134]]), array([[0.46230735],
       [0.99696544],
       [1.63286744]]), array([[0.49124749],
       [0.98333193],
       [1.63284561]]), array([[0.72772557],
       [0.85430001],
       [1.67775906]])]
tvecs:[array([[-1.70008523],
       [-3.33883359],
       [35.10334079]]), array([[-1.89267932],
       [-3.25155771],
       [35.24443501]]), array([[-5.76860371],
       [ 2.13611097],
       [32.93142816]]), array([[10.11029893],
       [-4.08422693],
       [34.56317954]]), array([[10.38165419],
       [-4.17895265],
       [34.87675677]]), array([[ 16.17419882],
       [-10.64154654],
       [ 45.69836311]]), array([[16.38379749],
       [-8.27002861],
       [51.60070013]]), array([[ 10.22793882],
       [-17.47206281],
       [ 61.55847653]]), array([[ -5.21273562],
       [-23.79432702],
       [ 77.40076927]]), array([[-12.83453282],
       [-16.50921892],
       [ 47.63189406]]), array([[-12.41063445],
       [-15.28795537],
       [ 47.45695363]]), array([[-12.47723086],
       [-15.58550636],
       [ 47.22562197]]), array([[-14.89639532],
       [-11.39895465],
       [ 36.35580482]]), array([[-15.00259079],
       [-11.16648527],
       [ 35.90363979]]), array([[-14.4576705 ],
       [-11.17780078],
       [ 34.00817889]]), array([[ 6.0137186 ],
       [ 3.32656606],
       [43.30711991]]), array([[ 5.57075024],
       [ 3.88118391],
       [43.10931567]]), array([[ 6.81399443],
       [ 3.65873144],
       [39.56923012]]), array([[12.44415612],
       [ 2.06290814],
       [33.90130684]]), array([[12.60695039],
       [ 1.91762855],
       [33.99498292]]), array([[12.69520473],
       [ 1.63445755],
       [34.02168616]]), array([[-14.63274445],
       [ -0.82690558],
       [ 28.65482664]]), array([[-5.77001336],
       [ 6.3366445 ],
       [32.12057286]]), array([[-5.67491579],
       [ 6.25746927],
       [32.42600897]]), array([[-12.17897194],
       [ -5.44090226],
       [ 29.26321408]]), array([[ 0.27820916],
       [ 5.71414324],
       [31.73269543]]), array([[-2.11280958e-02],
       [ 5.79984286e+00],
       [ 3.15057102e+01]]), array([[ 0.08867375],
       [ 5.91464125],
       [31.58708823]]), array([[11.95876255],
       [ 0.20397066],
       [31.4777913 ]]), array([[11.66527147],
       [ 0.13226647],
       [31.3770357 ]]), array([[11.61879363],
       [ 0.17651093],
       [31.38807505]]), array([[11.61267666],
       [ 0.2705738 ],
       [31.50656482]]), array([[10.64452599],
       [ 2.5925584 ],
       [32.02000735]])]
