height, time, speed, speed2, speed3, Error, Error2, Error3
['ok', 5.890639781951904, 15, 1, 10, 0.3352762270327494, -0.003218620500871581, 0.44716524656675904]
['5dm\r\n', 6.769259929656982, 15, 1, 10, 0.33858598820032526, -0.00245902310906639, 0.46683663240732187]
['5dm\r\n', 7.367321252822876, 15, 30, 10, 0.3393322485498479, -0.07027201443556491, 0.4478148336167769]
['5dm\r\n', 7.741733074188232, 15, 30, 10, 0.2600049539028669, -0.052536355261038566, 0.40693743042956254]
['6dm\r\n', 8.076210498809814, 15, 17, 10, 0.22633239167918806, -0.029163302846251793, 0.38377469822901245]
['6dm\r\n', 8.40968632698059, 15, 0, 10, 0.20148838250485615, -0.0003176398963166573, 0.40362478516847755]
['6dm\r\n', 8.695237159729004, 15, -9, 10, 0.17543821825498632, 0.016179454190407738, 0.3844934847087613]
['7dm\r\n', 8.993768215179443, 15, -12, 10, 0.149981815847311, 0.020417794018649703, 0.3749518596616701]
['7dm\r\n', 9.280322074890137, 15, -10, 10, 0.12703584141392962, 0.01725151931520963, 0.3695390142698556]
['7dm\r\n', 9.598819732666016, 14, -6, 10, 0.10206899317394345, 0.010590381477550629, 0.34923223086079225]
['6dm\r\n', 9.891358852386475, 11, -2, 10, 0.07862674773331574, 0.0038970888345814473, 0.33333783727857935]
['6dm\r\n', 10.179907321929932, 9, 0, 10, 0.0546301529236061, -0.0006386833340324566, 0.3117112599516483]
['6dm\r\n', 10.48542594909668, 6, 0, 10, 0.03366780668006721, -0.0011007317591329119, 0.3125381851103026]
['6dm\r\n', 10.749013185501099, 4, 0, 10, 0.015835797750592472, -0.00022400865951340712, 0.2979141275393563]
['6dm\r\n', 11.038558959960938, 3, 0, 10, 0.002142543089439124, 0.0005656393799834105, 0.26686831979978254]
['6dm\r\n', 11.29815149307251, 2, 0, 10, -0.006643771072059217, -0.0009290230996983098, 0.2539069695090026]
['6dm\r\n', 11.579708814620972, 1, 2, 10, -0.010725350966204543, -0.003215470696049464, 0.2378205788148935]
['6dm\r\n', 11.85827088356018, 1, 1, 10, -0.01263955679432689, -0.0021386130024540883, 0.2357380694011293]
['6dm\r\n', 12.142825841903687, 1, 0, 10, -0.013308030599460171, 0.0011298489266804497, 0.2223186400761349]
['6dm\r\n', 12.392434120178223, 1, -4, 10, -0.014060799154996287, 0.00813793125387188, 0.2131591297423362]
['6dm\r\n', 12.638047933578491, 1, -9, 10, -0.012631957381750181, 0.01575836149839563, 0.19541773659519612]
['6dm\r\n', 12.891649961471558, 1, -12, 10, -0.011542461225411405, 0.02114435160287575, 0.18462535206534003]
['6dm\r\n', 13.142257928848267, 1, -16, 10, -0.006787767500281582, 0.027725158252565232, 0.15910020597458985]
['6dm\r\n', 13.380882024765015, 2, -21, 10, -0.0005046756978163296, 0.03556990597034866, 0.14686197471902473]
['6dm\r\n', 13.645468473434448, 3, -21, 10, 0.004096262873676277, 0.03622649448454454, 0.12207396771290979]
['6dm\r\n', 13.906058311462402, 3, -19, 10, 0.008465823967761119, 0.031336500783799064, 0.12632441768642477]
['6dm\r\n', 14.151674032211304, 4, -12, 10, 0.012413971451708196, 0.020843122010606743, 0.10339997921458]
['6dm\r\n', 14.392292499542236, 4, -6, 10, 0.015191653198320856, 0.00996846363203504, 0.08150752678657969]
['6dm\r\n', 14.625925302505493, 5, 0, 10, 0.018613537176491612, 0.0005113945608111171, 0.07686339456333302]
['6dm\r\n', 14.873539686203003, 5, 2, 10, 0.01952000621174198, -0.005418677043388585, 0.05695708704169611]
['5dm\r\n', 15.107170820236206, 5, 4, 10, 0.019825261543326048, -0.008023035788676827, 0.05511341047059404]
['5dm\r\n', 15.3597731590271, 5, 4, 10, 0.023498769858758043, -0.007240078146914867, 0.03741308240853769]
['5dm\r\n', 15.59440565109253, 6, 2, 10, 0.026034142626919547, -0.00476838425277695, 0.023259204972381542]
['5dm\r\n', 15.83003544807434, 6, 1, 10, 0.025848471316285076, -0.0030205975100891878, 0.020556929729021678]
['5dm\r\n', 16.071659326553345, 6, 0, 10, 0.025978333091176288, -0.0010871662935879206, 0.005093758497052958]
['5dm\r\n', 16.309282779693604, 6, -1, 10, 0.024623426200163837, 0.0014887403570545648, -0.005391858011334016]
['5dm\r\n', 16.568875551223755, 6, -3, 9, 0.023578744525325403, 0.004555627615250541, -0.02012407180376863]
['5dm\r\n', 16.786535501480103, 5, -4, 7, 0.021534006039582505, 0.0066913145878152325, -0.03326554418540306]
['5dm\r\n', 17.037142515182495, 5, -8, 6, 0.01987614603098608, 0.013137308710135789, -0.04257070986816214]
['5dm\r\n', 17.28575038909912, 5, -12, 5, 0.018384587951083435, 0.020763510317677095, -0.04858537308333033]
['6dm\r\n', 17.55133318901062, 5, -15, 4, 0.016475244598318835, 0.02495788100863569, -0.06183167178207094]
['6dm\r\n', 17.785964727401733, 5, -14, 2, 0.01512382470441188, 0.022825539989790016, -0.0750700449388817]
['5dm\r\n', 18.039567947387695, 4, -9, 0, 0.010854099149317772, 0.014238538932024777, -0.08837211173871984]
['5dm\r\n', 18.271207809448242, 4, -2, -1, 0.00730430591375264, 0.003381775994754593, -0.09972770138326481]
['5dm\r\n', 18.523807287216187, 3, 3, -1, 0.0004823995253925073, -0.006283841173704687, -0.10428477151204507]
['5dm\r\n', 18.771419763565063, 2, 6, -2, -0.00523939585183699, -0.011842693913618769, -0.10446687119132303]
['5dm\r\n', 19.037001609802246, 2, 7, -3, -0.010312100284258009, -0.01256351531784642, -0.11015655947785152]
['5dm\r\n', 19.280618906021118, 1, 3, -4, -0.01686416421760581, -0.007395913729440996, -0.1156943494475372]
['5dm\r\n', 19.516250610351562, 0, 0, -4, -0.021549867139421492, -0.0008271800550280895, -0.11577905292930923]
['5dm\r\n', 19.746886014938354, 0, -3, -4, -0.02411650205743987, 0.005091734596876473, -0.11465643550085303]
['5dm\r\n', 19.985511302947998, 0, -5, -4, -0.025280813036050648, 0.008356779893966384, -0.1112300165348683]
['5dm\r\n', 20.219147205352783, 0, -6, -5, -0.026255993356521914, 0.01026126029665021, -0.11555195904098758]
['5dm\r\n', 20.445793867111206, 0, -7, -6, -0.02728689207235597, 0.011020712408182311, -0.1171977396068602]
['5dm\r\n', 20.659454107284546, 0, -7, -6, -0.02815864653662018, 0.011702122548909998, -0.11419799820407572]
['5dm\r\n', 20.905073881149292, 0, -8, -6, -0.029749657577905347, 0.013551331846626746, -0.11472297314115598]
['5dm\r\n', 21.135706424713135, 0, -9, -6, -0.030688885573215457, 0.014491175133734893, -0.11472509306253997]
['5dm\r\n', 21.371338605880737, 0, -9, -8, -0.03088867200817246, 0.015075454661495269, -0.12071178561838203]
['5dm\r\n', 21.60198187828064, -1, -9, -8, -0.031819111584906315, 0.014145178875114106, -0.12069906659978813]
['5dm\r\n', 21.857572317123413, -1, -8, -7, -0.03003832695943083, 0.01358292731074124, -0.11421481037837633]
['5dm\r\n', 22.088211059570312, 0, -7, -9, -0.027492133342841243, 0.011353695916128228, -0.12002354217738487]
['5dm\r\n', 22.319849014282227, 0, -5, -9, -0.02541660966447261, 0.00727783607460371, -0.11719019275036868]
['5dm\r\n', 22.547489643096924, 0, -2, -9, -0.024089459434190087, 0.0025782621046309593, -0.11526911161619513]
['5dm\r\n', 22.789111375808716, 0, 0, -9, -0.022187881266416812, -0.0022974390070672457, -0.11673030599985745]
['5dm\r\n', 23.013757467269897, 0, 2, -9, -0.020554479431352378, -0.0062551285019973694, -0.11134159404523081]
['5dm\r\n', 23.246392965316772, 0, 4, -9, -0.019218932913999027, -0.009090343171537986, -0.10634104097509123]
['5dm\r\n', 23.484020948410034, 0, 6, -9, -0.01781125465819034, -0.01148814420796481, -0.10551585591561818]
['5dm\r\n', 23.709675073623657, 0, 6, -10, -0.016846421307878248, -0.012141803964338846, -0.1060295786940928]
['5dm\r\n', 23.938307285308838, 0, 7, -9, -0.01678360312529204, -0.014293825800695863, -0.09875039570752575]
['5dm\r\n', 24.184918642044067, 0, 7, -10, -0.016616246175768037, -0.013608728378625194, -0.09989471915393933]
['5dm\r\n', 24.41356134414673, 0, 6, -9, -0.016685460456626073, -0.011897614723623056, -0.09452793440228835]
['5dm\r\n', 24.64021348953247, 0, 6, -9, -0.017603671661881672, -0.01130091923333938, -0.08835081568912473]
['5dm\r\n', 24.899797201156616, 0, 6, -9, -0.017603671661881672, -0.01130091923333938, -0.08835081568912473]
['5dm\r\n', 25.11147427558899, 0, 6, -8, -0.017090350591614872, -0.012048764874170427, -0.07961132502148616]
['5dm\r\n', 25.33611536026001, 0, 6, -9, -0.017090350591614872, -0.012048764874170427, -0.07961132502148616]
['5dm\r\n', 25.571746587753296, 0, 8, -9, -0.01709126363855308, -0.014043207873373162, -0.07956815720516719]
['5dm\r\n', 25.807377338409424, 0, 10, -9, -0.017454407530892894, -0.017890518148900206, -0.07464557597327448]
['5dm\r\n', 26.038011074066162, 0, 11, -10, -0.016908942703998692, -0.020011772644210935, -0.07946718935478514]
['5dm\r\n', 26.259663581848145, 0, 14, -9, -0.015451445609019, -0.023701953505862617, -0.07274074341190007]
['5dm\r\n', 26.496291637420654, 0, 16, -10, -0.013469336400548497, -0.027418807605565414, -0.07525502343500501]
['5dm\r\n', 26.724931955337524, 0, 17, -10, -0.012463655199402056, -0.02927778467855383, -0.07502744594320432]
['5dm\r\n', 26.94858956336975, 0, 15, -10, -0.011786243036487334, -0.02629115885448071, -0.07451722323659915]
['5dm\r\n', 27.173236846923828, 0, 10, -10, -0.010688081226318338, -0.01779800351205151, -0.07346763366530717]
['5dm\r\n', 27.436814069747925, 0, 2, -10, -0.010828553454251022, -0.00382724132550494, -0.06889289402734633]
['5dm\r\n', 27.651476621627808, 0, -3, -10, -0.009478774500578161, 0.006545160697946144, -0.06208608421947104]
['5dm\r\n', 27.88610816001892, 0, -9, -10, -0.007049869570830966, 0.016693447201799966, -0.06094853160273728]
['5dm\r\n', 28.143712520599365, 0, -15, -9, -0.0027475344760577907, 0.025784205782180488, -0.056558841474195876]
['6dm\r\n', 28.373346090316772, 0, -19, -9, 0.00011724125825712181, 0.03213863750580325, -0.04789205171392685]
['6dm\r\n', 28.59999132156372, 1, -21, -8, 0.0021619850293444964, 0.03611118677951077, -0.04071445495512582]
['6dm\r\n', 28.836615800857544, 1, -21, -8, 0.002725003150689372, 0.036047482123021606, -0.038249370934140714]
['6dm\r\n', 29.071247339248657, 1, -19, -8, 0.004635227386442716, 0.031835876793938594, -0.039119341120121165]
['6dm\r\n', 29.319859743118286, 1, -16, -8, 0.00707004315433159, 0.02587155455773294, -0.033858110622109416]
['5dm\r\n', 29.544506788253784, 2, -11, -8, 0.008596702423766346, 0.01755667105316843, -0.03650857839834587]
['5dm\r\n', 29.7741539478302, 2, -6, -8, 0.010760615781904063, 0.008910284603721515, -0.03515209378091022]
['5dm\r\n', 30.005784273147583, 2, -3, -8, 0.012924398636068686, 0.003929873531202243, -0.03488740848481375]
['5dm\r\n', 30.22543716430664, 3, -2, -9, 0.015109322186270445, 0.0033948048171908874, -0.04217485798808773]
['5dm\r\n', 30.481034755706787, 3, -4, -9, 0.02011594053728199, 0.006455030534679951, -0.04139890733519891]
['5dm\r\n', 30.711682081222534, 4, -5, -10, 0.02515379367478786, 0.007857121854987397, -0.042462658301375966]
['5dm\r\n', 30.93831753730774, 5, -6, -10, 0.03038547355980344, 0.009911713218913164, -0.04864371651105159]
['5dm\r\n', 31.15797209739685, 5, -8, -10, 0.0352612808561448, 0.013381354808087567, -0.04649345292124063]
['5dm\r\n', 31.411573886871338, 6, -11, -10, 0.039602105501868816, 0.01739718737575089, -0.03909992077205149]
['5dm\r\n', 31.64320993423462, 7, -14, -10, 0.042194590583340366, 0.022168883949910505, -0.040738759779540445]
['5dm\r\n', 31.868861436843872, 7, -15, -10, 0.04317632185272843, 0.02373223212323568, -0.04120881368667595]
['5dm\r\n', 32.10448598861694, 7, -14, -10, 0.04410457025461701, 0.021997409150390605, -0.03827859846239978]
['5dm\r\n', 32.34610676765442, 7, -10, -10, 0.04336581944598393, 0.016005807292686018, -0.03396576150116548]
['5dm\r\n', 32.57475543022156, 7, -7, -10, 0.03975080724064699, 0.010439450122097155, -0.03245763739134466]
['5dm\r\n', 32.785417795181274, 7, -4, -9, 0.03468106494044796, 0.005855272875726585, -0.02301146528856013]
['5dm\r\n', 33.017061948776245, 6, -4, -10, 0.028352702788513123, 0.004557109297563023, -0.029073058711367006]
['5dm\r\n', 33.279640913009644, 5, -4, -9, 0.01917536463282694, 0.0041889293170762195, -0.02058599737688549]
['5dm\r\n', 33.49031448364258, 4, -5, -9, 0.010557443587981512, 0.005975760343087098, -0.01828664404042535]
['5dm\r\n', 33.7109637260437, 3, -5, -9, 0.003946545099456011, 0.006825059284745271, -0.019203929551220966]
['5dm\r\n', 33.97355127334595, 2, -6, -7, -0.0034641211826195706, 0.007882998601949364, -0.0032180164244304255]
['5dm\r\n', 34.21916890144348, 2, -6, -8, -0.008236222939373426, 0.007300508131125271, -0.011742612544496156]
['5dm\r\n', 34.495737075805664, 1, -5, -8, -0.011562021392482382, 0.007087400511743211, -0.011315741581191086]
['5dm\r\n', 34.76930260658264, 1, -5, -7, -0.012952236922980441, 0.00623895041083123, -0.0034380371433416768]
['5dm\r\n', 35.03788161277771, 1, -6, -8, -0.013772517798151786, 0.00819355254370317, -0.011322944412033853]
['5dm\r\n', 35.30146908760071, 1, -8, -9, -0.010797123947953444, 0.01057619617032064, -0.01958569094947271]
['5dm\r\n', 35.6089882850647, 2, -9, -8, -0.007293399271440626, 0.012797961276450356, -0.010279679257405028]
['5dm\r\n', 35.874571084976196, 2, -9, -9, -0.005852375105878411, 0.012545099328161835, -0.018388737307093672]
['5dm\r\n', 36.10620331764221, 2, -8, -10, -0.00447240148597427, 0.010287778847831743, -0.024928048288400673]
['5dm\r\n', 36.37278461456299, 2, -5, -9, -0.0038699477446305936, 0.006279993753239535, -0.011483113466041805]
['5dm\r\n', 36.66832256317139, 2, -2, -8, -0.0035912710245390705, 0.00037011387867646095, -0.005251899593990417]
['5dm\r\n', 36.88698434829712, 2, 0, -8, -0.0026917457516775303, -0.0033828339930909094, -0.0061261814177338]
['5dm\r\n', 37.151562452316284, 2, 3, -6, -0.0010093364460185316, -0.00838178462219498, 0.011512764055601865]
['5dm\r\n', 37.39018774032593, 2, 5, -6, -0.0010092592107434138, -0.011811615307563332, 0.011526008981747937]
['5dm\r\n', 37.653775215148926, 2, 6, -5, -0.0016744498047567783, -0.013189689630651973, 0.020006290308532404]
['5dm\r\n', 37.933337926864624, 2, 6, -5, -0.002475133445145247, -0.013344680825668885, 0.01755570015783503]
['5dm\r\n', 38.30175590515137, 2, 6, -4, -0.0010554111073589945, -0.013621261362018465, 0.02665647487858558]
['5dm\r\n', 38.545374631881714, 2, 6, -4, -0.0005186765448402996, -0.014346768855103192, 0.020018373841868775]
['5dm\r\n', 38.82493543624878, 2, 6, -5, 0.00011669339529438023, -0.013736375548607396, 0.010242055696248253]
['5dm\r\n', 39.07055115699768, 2, 6, -4, -0.0007493264214325064, -0.013428176168427494, 0.020167453947836922]
['5dm\r\n', 39.31217050552368, 2, 5, -4, -0.0018307623414036832, -0.01213334404936693, 0.021521678345259643]
['5dm\r\n', 39.533822774887085, 2, 4, -4, -0.0029798593038806442, -0.010381523238726195, 0.02090314606892396]
['5dm\r\n', 39.76745867729187, 2, 4, -5, -0.004238008811806236, -0.009326402571298461, 0.010560425711768628]
['5dm\r\n', 40.000091314315796, 2, 2, -6, -0.004110965794607191, -0.006839794441313308, 0.0013674000656428431]
['5dm\r\n', 40.24870014190674, 2, 2, -6, -0.0035601516307706893, -0.005770169780798561, 0.003916507316976348]
['5dm\r\n', 40.4733521938324, 2, 1, -6, -0.0022112175949583588, -0.004636099459853236, 0.004273738022849249]
['5dm\r\n', 40.6989963054657, 2, 1, -7, -0.0007800840451193448, -0.003724807062359728, -0.004340395249641027]
['5dm\r\n', 40.94360947608948, 3, 0, -7, 0.001802424799127802, -0.0020429905754340413, -0.004355378285047062]
['5dm\r\n', 41.17324876785278, 3, 0, -6, 0.005570532659250754, -0.0016569479178669536, 0.004656341118994045]
['5dm\r\n', 41.39989638328552, 3, 0, -8, 0.007228501790244765, -0.0006576767985884558, -0.011206204252277918]
['5dm\r\n', 41.6335289478302, 3, 0, -7, 0.008501967334137927, -0.0009261484647633354, -0.004283886794790082]
['5dm\r\n', 41.88213562965393, 4, 0, -8, 0.01038040708023036, -0.0011303171741065638, -0.009920865673285983]
['5dm\r\n', 42.09979486465454, 4, 0, -6, 0.011249503991253268, -0.002220620854497821, 0.00518418515938468]
['5dm\r\n', 42.317458152770996, 4, 0, -7, 0.011502664345958136, -0.002608852634337697, -0.0042205882241876935]
['5dm\r\n', 42.54809093475342, 4, 1, -6, 0.012422474135285697, -0.004317836245888684, 0.003944967639537]
['5dm\r\n', 42.80868172645569, 4, 1, -6, 0.010763996893514163, -0.004968076747530776, 0.0026219647339310592]
['5dm\r\n', 43.03732252120972, 4, 1, -6, 0.008271542861673198, -0.0045869829770729485, 0.0014188437528607212]
['5dm\r\n', 43.25498294830322, 4, 0, -6, 0.006002607793389397, -0.0031263777157941736, 0.00037497088521587507]
['5dm\r\n', 43.49261021614075, 3, 0, -5, 0.002416531642891616, -0.0026660757751534123, 0.011514659262230387]
['5dm\r\n', 43.73522615432739, 3, 1, -6, -0.00017085470328953546, -0.0035081675450002753, 0.003911196021491703]
['5dm\r\n', 43.970858097076416, 2, 1, -6, -0.0035601226389805635, -0.0035081702562940217, 0.0039044834914120363]
['5dm\r\n', 44.178531646728516, 2, 1, -6, -0.007853331186409325, -0.003278011273989686, 0.0037143601637876777]
['5dm\r\n', 44.39918899536133, 1, 0, -5, -0.013001950850781428, -0.0013287089571385664, 0.010018394611062686]
['5dm\r\n', 44.647793769836426, 1, 0, -4, -0.017253733821121796, 7.382642834815494e-05, 0.012606017424147353]
['5dm\r\n', 44.863455295562744, 0, -1, -5, -0.019284289897770063, 0.000761769805095105, 0.011589681165419141]
['5dm\r\n', 45.10208201408386, 0, 0, -5, -0.02140655566944106, 0.00011256533458358086, 0.003643977568736023]
