height, flight_time, time, speed, speed2, speed3, Error, Error2, Error3
['ok', '5s\r\n', 1607247263.520331, 10, 30, 10, 0.37275854113455437, -0.05352228898757444, 0.4457248415081805]
['6dm\r\n', '6s\r\n', 1607247264.5836618, 10, 8, 10, 0.3864722510826163, -0.014366991135964048, 0.4850667171661365]
['6dm\r\n', '7s\r\n', 1607247265.2995367, 0, 0, 0, 0, 0, 0]
['6dm\r\n', '8s\r\n', 1607247265.7098908, 0, 0, 0, 0, 0, 0]
['6dm\r\n', '8s\r\n', 1607247266.0783122, 0, 0, 0, 0, 0, 0]
['6dm\r\n', '8s\r\n', 1607247266.524612, 10, 30, 10, 0.3930771907385683, -0.07015992118827148, 0.46914343654637825]
['6dm\r\n', '9s\r\n', 1607247266.932971, 10, 30, 10, 0.4163032940306326, -0.06635004009650743, 0.49275381799483076]
['7dm\r\n', '9s\r\n', 1607247267.3433266, 10, 19, 10, 0.41432541485709584, -0.03359105202789323, 0.47059017785099866]
['7dm\r\n', '10s\r\n', 1607247267.7836354, 10, -8, 10, 0.4138605428561285, 0.01437370090198235, 0.46183995994623617]
['7dm\r\n', '10s\r\n', 1607247268.1830103, 10, -30, 10, 0.4171136105029289, 0.04989943842969467, 0.47719062277973023]
['7dm\r\n', '10s\r\n', 1607247268.5284665, 10, -30, 10, 0.39892946549420766, 0.062049274061049, 0.43673855165708786]
['7dm\r\n', '11s\r\n', 1607247268.9398212, 10, -24, 10, 0.38732198861486333, 0.04117213570616789, 0.41409434158936675]
['6dm\r\n', '11s\r\n', 1607247269.295263, 10, 0, 10, 0.36304515943970417, 0.0016340636047681553, 0.36350843413037404]
['6dm\r\n', '12s\r\n', 1607247269.67267, 10, 14, 10, 0.3427896926399588, -0.023994383659426015, 0.32697302557123664]
['6dm\r\n', '12s\r\n', 1607247270.0800345, 10, 20, 10, 0.32317741397616667, -0.03377356666165108, 0.29830016666548154]
['6dm\r\n', '12s\r\n', 1607247270.4274848, 10, 12, 10, 0.30070982419664627, -0.02103938264102491, 0.2671745258475694]
['6dm\r\n', '13s\r\n', 1607247270.8508236, 10, 0, 10, 0.290279926003234, 0.0007680576634044997, 0.26374774766578446]
['7dm\r\n', '13s\r\n', 1607247271.2501936, 10, -12, 10, 0.2751973863323434, 0.02101578817836593, 0.23364419459601138]
['7dm\r\n', '13s\r\n', 1607247271.610628, 10, -13, 10, 0.264408764484645, 0.021817626383300873, 0.2044110817114384]
['6dm\r\n', '14s\r\n', 1607247271.969068, 10, -10, 10, 0.2535620545602958, 0.016826196914445566, 0.18832678611688314]
['6dm\r\n', '14s\r\n', 1607247272.3344908, 10, -7, 10, 0.23814600045806686, 0.011732179076912673, 0.15697504167643606]
['6dm\r\n', '15s\r\n', 1607247272.690931, 10, -7, 10, 0.22593678042674187, 0.012741323208393916, 0.13229980933929175]
['6dm\r\n', '15s\r\n', 1607247273.099291, 10, -11, 10, 0.21769607668564242, 0.019410340045013862, 0.11544279538028202]
['6dm\r\n', '15s\r\n', 1607247273.4567308, 10, -13, 7, 0.20311005671879312, 0.02215496134091203, 0.07345577741993081]
['6dm\r\n', '16s\r\n', 1607247273.841127, 10, -11, 4, 0.19253987501873018, 0.019230891274118547, 0.04170538867442619]
['6dm\r\n', '16s\r\n', 1607247274.2165399, 10, -7, 2, 0.18399065994057856, 0.013122320982616294, 0.02047015159848642]
['6dm\r\n', '16s\r\n', 1607247274.5829616, 10, -5, 0, 0.17218083596425643, 0.009076572839208793, -0.0006675342111942539]
['6dm\r\n', '17s\r\n', 1607247274.936407, 10, -4, 0, 0.16352096760131843, 0.007947209447178163, -0.002400454626513837]
['6dm\r\n', '17s\r\n', 1607247275.2918482, 10, -5, -1, 0.15414508408564234, 0.008334118522548594, -0.01590795512762111]
['6dm\r\n', '18s\r\n', 1607247275.665263, 10, -4, -2, 0.14630836942945546, 0.00668218823793202, -0.02145696994365187]
['6dm\r\n', '18s\r\n', 1607247276.0666313, 10, -1, -2, 0.13862702162704865, 0.0017886653622874453, -0.02102387783318438]
['6dm\r\n', '18s\r\n', 1607247276.4250696, 10, 1, -3, 0.12806063315006794, -0.001760171948084455, -0.03699611285448323]
['6dm\r\n', '19s\r\n', 1607247276.7735221, 10, 0, -4, 0.11791535431800243, -0.0014848519269053534, -0.04264602474426671]
['6dm\r\n', '19s\r\n', 1607247277.1259682, 10, 1, -5, 0.10518020682745442, -0.0029572849080054526, -0.0579119150942049]
['6dm\r\n', '19s\r\n', 1607247277.4903967, 10, 8, -7, 0.08763484864350347, -0.014717628992922824, -0.0705896548014876]
['6dm\r\n', '20s\r\n', 1607247277.7909262, 8, 19, -8, 0.07267804429058537, -0.032076430337454886, -0.08109603804366006]
['6dm\r\n', '20s\r\n', 1607247278.1034355, 7, 28, -8, 0.0610202045941043, -0.04702710181569753, -0.08562905076016514]
['6dm\r\n', '20s\r\n', 1607247278.4598737, 6, 30, -8, 0.05063396180548816, -0.05329860320512264, -0.08365557581691763]
['6dm\r\n', '21s\r\n', 1607247278.7683902, 4, 23, -8, 0.041270919391664246, -0.03934840534482372, -0.08014608093295972]
['6dm\r\n', '21s\r\n', 1607247279.137812, 4, 6, -7, 0.03463475886129446, -0.010643936666124058, -0.07579671022956724]
['6dm\r\n', '21s\r\n', 1607247279.48427, 4, -9, -6, 0.035112495258118256, 0.015519861632291415, -0.06423654700015502]
['6dm\r\n', '22s\r\n', 1607247279.8417068, 4, -14, -6, 0.04094260675212438, 0.024426221473604483, -0.06329084371184324]
['6dm\r\n', '22s\r\n', 1607247280.197148, 5, -18, -5, 0.04668035505784713, 0.03019366063566236, -0.05327190630446821]
['6dm\r\n', '22s\r\n', 1607247280.550596, 6, -18, -5, 0.05187337709271829, 0.030191732815206734, -0.053297222622929685]
['6dm\r\n', '23s\r\n', 1607247280.8611045, 6, -14, -6, 0.05592980904279149, 0.02366870647301539, -0.0653252847434288]
['6dm\r\n', '23s\r\n', 1607247281.2195425, 6, -8, -7, 0.058080667921624286, 0.013768206392808534, -0.07308837580384053]
['6dm\r\n', '23s\r\n', 1607247281.5230656, 6, -3, -8, 0.05459506549798016, 0.0063976772530431525, -0.08342225014558524]
['6dm\r\n', '24s\r\n', 1607247281.8864977, 5, -3, -8, 0.04457674706754963, 0.005115046244372684, -0.08578315030801487]
['6dm\r\n', '24s\r\n', 1607247282.2519224, 4, 0, -9, 0.035657944796057314, 0.0015855782326632433, -0.09337198265285429]
['6dm\r\n', '24s\r\n', 1607247282.5993779, 3, 7, -9, 0.030652037695627007, -0.011901393763696172, -0.09779302993378791]
['6dm\r\n', '25s\r\n', 1607247282.953823, 3, 19, -10, 0.02951787246307631, -0.03250025876844317, -0.10291286267386701]
['5dm\r\n', '25s\r\n', 1607247283.31825, 3, 26, -10, 0.030080324933434748, -0.044742997414451216, -0.11255241163447949]
['6dm\r\n', '26s\r\n', 1607247283.670695, 3, 25, -10, 0.02962164523704024, -0.04257021734796006, -0.10844158047348429]
['6dm\r\n', '26s\r\n', 1607247284.0261374, 3, 13, -9, 0.029581197363549753, -0.02186733799104326, -0.09182513242675294]
['6dm\r\n', '26s\r\n', 1607247284.3356497, 3, -1, -8, 0.02976414946342284, 0.0021624309990146747, -0.08629859051320998]
['6dm\r\n', '27s\r\n', 1607247284.7040715, 3, -9, -7, 0.03186183584125599, 0.01577193604105002, -0.07416059346220738]
['6dm\r\n', '27s\r\n', 1607247285.0545216, 4, -13, -6, 0.03606912522029358, 0.02238820065195919, -0.062454010096674284]
['6dm\r\n', '27s\r\n', 1607247285.4149563, 4, -14, -6, 0.040210035512741195, 0.02378568885096197, -0.06124191921922251]
['6dm\r\n', '28s\r\n', 1607247285.7634103, 5, -13, -6, 0.04329486233655351, 0.02173654216160547, -0.06110891135482788]
['6dm\r\n', '28s\r\n', 1607247286.1218462, 5, -10, -6, 0.04330683179770763, 0.017569080537305895, -0.06377397784305394]
['6dm\r\n', '28s\r\n', 1607247286.4403458, 5, -8, -6, 0.04494805753753468, 0.014838314579420945, -0.06791320066217743]
['6dm\r\n', '29s\r\n', 1607247286.797784, 5, -9, -7, 0.04797740172860651, 0.015777032800043563, -0.07360487127198645]
['6dm\r\n', '29s\r\n', 1607247287.1572218, 6, -12, -8, 0.05060473810847561, 0.02025055559404488, -0.08386733490000575]
['6dm\r\n', '29s\r\n', 1607247287.4657364, 6, -13, -8, 0.05048469940391205, 0.021879097703373703, -0.08593152008458849]
['6dm\r\n', '30s\r\n', 1607247287.8231764, 5, -9, -9, 0.049034438283420245, 0.01614252072279473, -0.09767378122391057]
['6dm\r\n', '30s\r\n', 1607247288.1876035, 5, -4, -10, 0.049656665780386966, 0.007418591891812293, -0.10483863594652376]
['6dm\r\n', '30s\r\n', 1607247288.541048, 5, -1, -10, 0.049741678355824596, 0.0027722246942102056, -0.10167294906383617]
['6dm\r\n', '31s\r\n', 1607247288.8974884, 5, -3, -10, 0.045799282979693254, 0.005685862264259694, -0.10698799810186721]
['6dm\r\n', '31s\r\n', 1607247289.2549312, 5, -5, -9, 0.04427092463749854, 0.009674534705202494, -0.09602521864825941]
['6dm\r\n', '31s\r\n', 1607247289.6263463, 5, -9, -9, 0.04233318197839172, 0.015777509508761986, -0.09625243433268682]
['6dm\r\n', '32s\r\n', 1607247289.9228811, 5, -12, -9, 0.04289303389574397, 0.02008164259506871, -0.09079032796599207]
['6dm\r\n', '32s\r\n', 1607247290.282316, 5, -14, -8, 0.04455159468126654, 0.02384551662848492, -0.08619191128035997]
['6dm\r\n', '33s\r\n', 1607247290.6537313, 5, -15, -8, 0.04724910179959436, 0.025299478130297412, -0.0802156012687012]
['6dm\r\n', '33s\r\n', 1607247291.008175, 5, -12, -8, 0.04915926340260198, 0.020044468837491055, -0.08052186476518486]
['6dm\r\n', '33s\r\n', 1607247291.3216848, 5, -7, -8, 0.049610602495346184, 0.013360460844887696, -0.08163114804658922]
['6dm\r\n', '34s\r\n', 1607247291.6212132, 6, -4, -8, 0.05061142082786714, 0.007388056483699147, -0.08373577571307844]
['6dm\r\n', '34s\r\n', 1607247291.925734, 6, -2, -8, 0.050825302068353735, 0.004474414624861623, -0.08921481272164022]
['6dm\r\n', '34s\r\n', 1607247292.235249, 6, -3, -9, 0.05063067568409797, 0.005042104072153888, -0.09104682325524793]
['6dm\r\n', '34s\r\n', 1607247292.5926867, 5, -4, -9, 0.04989767879552086, 0.007892258494434597, -0.0945660800778364]
['6dm\r\n', '35s\r\n', 1607247292.89821, 5, -6, -9, 0.049054875144288, 0.010358332350599886, -0.09251542070943752]
['6dm\r\n', '35s\r\n', 1607247293.2536511, 5, -7, -8, 0.04744858351371154, 0.011660585303964882, -0.08747211965323809]
['6dm\r\n', '36s\r\n', 1607247293.6160815, 5, -7, -8, 0.046542853786582135, 0.0130049318041608, -0.08588878650636234]
['6dm\r\n', '36s\r\n', 1607247293.9805093, 5, -7, -8, 0.04555401597119452, 0.013004741803711114, -0.08593013293192697]
['6dm\r\n', '36s\r\n', 1607247294.3219733, 5, -8, -8, 0.04424948958937901, 0.013643354508926125, -0.08833838321436804]
['6dm\r\n', '37s\r\n', 1607247294.6344814, 5, -7, -8, 0.04238688865589038, 0.012157919856042363, -0.08702123970101983]
['6dm\r\n', '37s\r\n', 1607247294.9889255, 4, -5, -8, 0.039298333398114796, 0.008378142383234628, -0.08008408188649907]
['6dm\r\n', '37s\r\n', 1607247295.346364, 4, -4, -7, 0.03569347301542424, 0.00686553809614746, -0.07457755407348765]
['6dm\r\n', '38s\r\n', 1607247295.653885, 4, -6, -7, 0.033914015629578284, 0.01005151409235237, -0.07247745718269971]
['6dm\r\n', '38s\r\n', 1607247295.9633963, 4, -7, -6, 0.03378936465429731, 0.011796149558593044, -0.06785674998234159]
['6dm\r\n', '38s\r\n', 1607247296.2699146, 4, -8, -7, 0.03389394372949031, 0.014588194719103529, -0.07219207771619784]
['6dm\r\n', '39s\r\n', 1607247296.6223605, 4, -9, -7, 0.03561843621664543, 0.01642304663250375, -0.07607658466348566]
['6dm\r\n', '39s\r\n', 1607247296.9328744, 4, -8, -8, 0.03671916944084798, 0.013402049924382854, -0.08396474260842768]
['6dm\r\n', '39s\r\n', 1607247297.2853239, 4, -5, -8, 0.03970179056578136, 0.009940700010673967, -0.0839646501735899]
['6dm\r\n', '39s\r\n', 1607247297.5918393, 5, -4, -7, 0.04527942876675938, 0.006719348019902962, -0.07858317250283242]
['6dm\r\n', '40s\r\n', 1607247297.9033494, 6, -3, -8, 0.05052926632193182, 0.006083042390116291, -0.0804013711297702]
['6dm\r\n', False, 1607247298.7150762, 6, -4, -7, 0.05750358339284998, 0.008219558115395906, -0.07384467371566061]
['6dm\r\n', '41s\r\n', 1607247299.04955, 8, -5, -7, 0.07125254946597818, 0.009366828373823593, -0.07550659009109228]
['6dm\r\n', '41s\r\n', 1607247299.3540754, 8, -6, -8, 0.07359814940552663, 0.010381409219734773, -0.08027703196154756]
['6dm\r\n', '42s\r\n', 1607247299.6635873, 9, -7, -7, 0.07658187031645469, 0.011880286101128734, -0.07884194043718706]
['6dm\r\n', '42s\r\n', 1607247300.0190318, 9, -7, -8, 0.07760977745357425, 0.012649698813060628, -0.08151410904031631]
['6dm\r\n', '42s\r\n', 1607247300.429387, 9, -7, -7, 0.07665073840694647, 0.013014660358351854, -0.0753030250824025]
['6dm\r\n', '43s\r\n', 1607247300.7858253, 8, -8, -7, 0.07226007844998736, 0.013771796331437446, -0.07233112081051274]
['6dm\r\n', '43s\r\n', 1607247301.1482565, 7, -8, -7, 0.06638337073689639, 0.013392667851528556, -0.07032689661411873]
['6dm\r\n', '43s\r\n', 1607247301.4987059, 7, -6, -6, 0.06109911565884381, 0.010802083113285616, -0.0639122595828151]
['6dm\r\n', '44s\r\n', 1607247301.8681252, 6, -5, -5, 0.0560206387010666, 0.00835419582058179, -0.05348130897716419]
['6dm\r\n', '44s\r\n', 1607247302.2275636, 6, -5, -4, 0.053261646091950714, 0.00836428692588441, -0.04511261807831313]
['6dm\r\n', '44s\r\n', 1607247302.5270908, 6, -4, -3, 0.05082809216976584, 0.007660133246448297, -0.03893464370752764]
['6dm\r\n', '45s\r\n', 1607247302.8775427, 6, -3, -3, 0.05043487259830878, 0.006239866179139168, -0.03507485244357489]
['6dm\r\n', '45s\r\n', 1607247303.1840637, 6, -2, -3, 0.05160794153464938, 0.004464206998123134, -0.03316569319808116]
['6dm\r\n', '45s\r\n', 1607247303.4945717, 6, -3, -3, 0.052680765029979884, 0.005535065009843197, -0.0331395357357025]
['6dm\r\n', '46s\r\n', 1607247303.8580022, 6, -2, -3, 0.054029068472877334, 0.004473813565761482, -0.03869955971765693]
['6dm\r\n', '46s\r\n', 1607247304.1525385, 6, -2, -4, 0.05425645246293285, 0.0038153681044569925, -0.04111643128219933]
['6dm\r\n', '46s\r\n', 1607247304.4640512, 6, -2, -4, 0.05425645246293285, 0.0038153681044569925, -0.04111643128219933]
['6dm\r\n', '47s\r\n', 1607247304.7705693, 6, -1, -4, 0.05506389335948853, 0.003069283394642517, -0.04017872846585846]
['6dm\r\n', '47s\r\n', 1607247305.1280088, 6, -2, -4, 0.05637293730739939, 0.0038144070231910937, -0.04111005397720113]
['6dm\r\n', '47s\r\n', 1607247305.4814546, 6, -1, -4, 0.05730274369567259, 0.0025888178364842467, -0.047879498270494425]
['6dm\r\n', '48s\r\n', 1607247305.8488789, 6, 0, -3, 0.05720077325887739, -0.00011383107542090775, -0.039965203440344044]
['6dm\r\n', '48s\r\n', 1607247306.2013934, 6, 3, -3, 0.053493816571120345, -0.00580031532232513, -0.03984519656215957]
['6dm\r\n', '48s\r\n', 1607247306.5588317, 5, 3, -4, 0.04976943537710287, -0.0054094855702773266, -0.04014022336557088]
['6dm\r\n', '49s\r\n', 1607247306.9162729, 5, 0, -4, 0.04545993153169949, -6.699345305647289e-05, -0.040432224638098924]
['6dm\r\n', '49s\r\n', 1607247307.2167988, 5, -4, -4, 0.04203029559449262, 0.008079151727290552, -0.04187282510389778]
['6dm\r\n', '49s\r\n', 1607247307.5273132, 4, -7, -3, 0.03911597679787317, 0.012962073854969756, -0.03966940591135537]
['6dm\r\n', '50s\r\n', 1607247307.9386659, 4, -9, -3, 0.03559093463990822, 0.015806757055026266, -0.033286122913754546]
['6dm\r\n', '50s\r\n', 1607247308.2971032, 3, -8, -3, 0.03231255368216897, 0.013897970918693483, -0.032151000371063554]
['6dm\r\n', '51s\r\n', 1607247308.7803445, 3, -4, -3, 0.030202375826135067, 0.008307932603480858, -0.032535616808854195]
['6dm\r\n', '51s\r\n', 1607247309.1867115, 3, -1, -3, 0.028017422910707194, 0.0026495827464823696, -0.03443486234703341]
['6dm\r\n', '51s\r\n', 1607247309.595066, 3, 0, -3, 0.02802293805226852, -0.00087833757137383, -0.03402165963213677]
