height, time, speed, speed2, speed3, Error, Error2, Error3, Errorxs, Error2xs, Error3xs 
['6dm\r\n', 5.8531341552734375, -15, 30, 10, -0.14262719732503906, -0.11198390849125633, 0.4963729463096563, 0, 0, 0]
['ok', 6.665605306625366, -15, 30, 10, -0.13105056453082664, -0.09449337632007473, 0.5335732211210482, 0, 0, 0]
['6dm\r\n', 7.431209325790405, -15, 30, 10, -0.13105056453082664, -0.09449337632007473, 0.5335732211210482, 0, 0, 0]
['6dm\r\n', 7.774953842163086, -9, 30, 10, -0.0806981324905593, -0.10503066575629316, 0.5479085144882481, 0, 0, 0]
['6dm\r\n', 8.274933338165283, -8, 30, 10, -0.06966420052540051, -0.06461219889517944, 0.5469683196480355, 0, 0, 0]
['7dm\r\n', 8.665542602539062, -5, 10, 10, -0.045071470768470547, -0.017749616398162242, 0.5507844764137944, 0, 0, 0]
['8dm\r\n', 9.07178258895874, -2, -14, 10, -0.02035012130317497, 0.023295951908857162, 0.549088819799566, 0, 0, 0]
['8dm\r\n', 9.384315729141235, 0, -26, 10, -0.00022386355461787022, 0.04350812847252494, 0.5271633784820293, 0, 0, 0]
['9dm\r\n', 9.696804761886597, 2, -30, 10, 0.020418767207967963, 0.052273917400081624, 0.5257900009644842, 0, 0, 0]
['9dm\r\n', 10.009299278259277, 4, -27, 10, 0.037925963646233796, 0.04596943177871701, 0.5174080974408886, 0, 0, 0]
['9dm\r\n', 10.274913311004639, 6, -17, 9, 0.05283768872893045, 0.030080453487863347, 0.48659255048561306, 0, 0, 0]
['8dm\r\n', 10.540530681610107, 8, -8, 9, 0.06613570441513157, 0.013805758283056815, 0.47712851470875045, 0, 0, 0]
['8dm\r\n', 10.806147336959839, 9, 0, 9, 0.07764885340468189, -0.00015888036864541988, 0.4574815956873803, 0, 0, 0]
['8dm\r\n', 11.103010892868042, 10, 4, 8, 0.08753638728857181, -0.007152727773834411, 0.430220655063489, 0, 0, 0]
['8dm\r\n', 11.368629693984985, 11, 5, 8, 0.09428915621065088, -0.008695024258957434, 0.4228390425355448, 0, 0, 0]
['8dm\r\n', 11.634245157241821, 11, 3, 8, 0.0985476109573833, -0.006254680834170946, 0.4084845879145947, 0, 0, 0]
['8dm\r\n', 11.915485382080078, 12, 2, 8, 0.10196897068269103, -0.0034820739518867105, 0.3983184664168912, 0, 0, 0]
['8dm\r\n', 12.181103467941284, 12, 0, 8, 0.105361007533162, -0.00104182007579625, 0.3901576619914114, 0, 0, 0]
['8dm\r\n', 12.41982889175415, 12, 0, 7, 0.10665442246245438, 0.0014780311052167497, 0.3751731441846075, 0, 0, 0]
['8dm\r\n', 12.669821739196777, 12, -2, 7, 0.10773384758329357, 0.003953743548249754, 0.36132792289093046, 0, 0, 0]
['8dm\r\n', 12.951062440872192, 12, -1, 7, 0.10429609235318169, 0.0020303188595536883, 0.3480536547693103, 0, 0, 0]
['8dm\r\n', 13.185433387756348, 11, 1, 7, 0.09741113546018823, -0.0028356556451677034, 0.33523498300410165, 0, 0, 0]
['8dm\r\n', 13.466673374176025, 10, 4, 6, 0.08826889860215137, -0.007658410265594669, 0.31970567055230187, 0, 0, 0]
['7dm\r\n', 13.701037406921387, 9, 5, 6, 0.08095822586909573, -0.009935950163654894, 0.31058182040329213, 0, 0, 0]
['7dm\r\n', 13.966654300689697, 8, 4, 6, 0.0745892261785607, -0.008197998644336582, 0.2989060330371592, 0, 0, 0]
['7dm\r\n', 14.201021909713745, 8, 0, 6, 0.07008392897533654, -0.000515974531481965, 0.28626866929259526, 0, 0, 0]
['7dm\r\n', 14.452763795852661, 8, -4, 6, 0.06828633411540923, 0.007740882131927501, 0.2797777357871624, 0, 0, 0]
['7dm\r\n', 14.671508550643921, 7, -12, 6, 0.06339267639199789, 0.021184392169041374, 0.2756271377269714, 0, 0, 0]
['7dm\r\n', 14.905876159667969, 7, -19, 6, 0.05891365065020229, 0.03244464444254854, 0.2772051697401537, 0, 0, 0]
['8dm\r\n', 15.124618768692017, 6, -25, 5, 0.05515741452641241, 0.04169318215075511, 0.26880082144358924, 0, 0, 0]
['8dm\r\n', 15.374610900878906, 6, -26, 6, 0.05197223143473997, 0.04398322410813484, 0.26933584256611903, 0, 0, 0]
['8dm\r\n', 15.59335470199585, 5, -25, 5, 0.048501517132709164, 0.04288186008858726, 0.2629188293955627, 0, 0, 0]
['8dm\r\n', 15.843347311019897, 5, -21, 5, 0.045730845686137625, 0.036019851828467696, 0.2550237355637001, 0, 0, 0]
['7dm\r\n', 16.062086820602417, 5, -16, 5, 0.04247230469815825, 0.027875385585912987, 0.2447922172591686, 0, 0, 0]
['7dm\r\n', 16.29095149040222, 4, -11, 5, 0.038739368354980035, 0.01905115255966216, 0.23543769009313825, 0, 0, 0]
['7dm\r\n', 16.50969433784485, 4, -7, 5, 0.03408973838323088, 0.013066565682354363, 0.23023289043240408, 0, 0, 0]
['7dm\r\n', 16.744063138961792, 3, -5, 5, 0.030155664099000612, 0.009196236770493485, 0.2219382895423631, 0, 0, 0]
['7dm\r\n', 16.99405264854431, 3, -4, 4, 0.02600510131500483, 0.007448621718055673, 0.21070526025659536, 0, 0, 0]
['7dm\r\n', 17.19717240333557, 2, -3, 4, 0.023621784029403597, 0.006509174723791679, 0.20283947013107523, 0, 0, 0]
['7dm\r\n', 17.447166919708252, 2, -3, 4, 0.02247716559848983, 0.006087265088011856, 0.19460144081047953, 0, 0, 0]
['7dm\r\n', 17.650285005569458, 2, -4, 4, 0.022602684589496495, 0.006802544305175705, 0.19370863741175165, 0, 0, 0]
['7dm\r\n', 17.88465118408203, 2, -5, 4, 0.02362293833038119, 0.008350959598191265, 0.1895219555740295, 0, 0, 0]
['7dm\r\n', 18.119019031524658, 2, -6, 4, 0.024614638110939713, 0.011165562812940483, 0.18220502940070987, 0, 0, 0]
['7dm\r\n', 18.33832335472107, 3, -7, 4, 0.026708872258259325, 0.013065522698612605, 0.17221210393457814, 0, 0, 0]
['7dm\r\n', 18.557065725326538, 3, -8, 4, 0.029081128732075363, 0.013996536093370534, 0.17110026813295204, 0, 0, 0]
['7dm\r\n', 18.775811195373535, 3, -8, 4, 0.03099104206848543, 0.013913619865546529, 0.16393034400603085, 0, 0, 0]
['7dm\r\n', 18.994550466537476, 4, -7, 4, 0.03316566007743712, 0.01268688576582061, 0.1547527258977478, 0, 0, 0]
['7dm\r\n', 19.24454426765442, 4, -7, 3, 0.03515479011002427, 0.012914931422058715, 0.14743921160408913, 0, 0, 0]
['7dm\r\n', 19.44766330718994, 4, -8, 3, 0.03636858885455011, 0.01443548336129655, 0.14353463724711257, 0, 0, 0]
['7dm\r\n', 19.65078330039978, 4, -10, 3, 0.03707184905586909, 0.016902726570233506, 0.13846759431606354, 0, 0, 0]
['7dm\r\n', 19.90077543258667, 4, -12, 3, 0.03769957046219388, 0.019989720364041227, 0.13042054829549343, 0, 0, 0]
['7dm\r\n', 20.10389494895935, 4, -12, 3, 0.03609104929579139, 0.021276105806451156, 0.12559170685279442, 0, 0, 0]
['7dm\r\n', 20.337737321853638, 4, -11, 3, 0.034030901951721405, 0.019055512168615427, 0.12136322168555569, 0, 0, 0]
['7dm\r\n', 20.540863752365112, 3, -8, 3, 0.032067418549534016, 0.01410564126969351, 0.114727131146584, 0, 0, 0]
['7dm\r\n', 20.775223970413208, 3, -4, 3, 0.028822627729062505, 0.006769045332856556, 0.11013279728056097, 0, 0, 0]
['7dm\r\n', 20.99397039413452, 3, 0, 3, 0.027716608743196716, -0.0001795176381148983, 0.10415225957448893, 0, 0, 0]
['7dm\r\n', 21.21271061897278, 3, 5, 2, 0.02763751562018282, -0.009016565579725438, 0.0975533187600705, 0, 0, 0]
['7dm\r\n', 21.415829181671143, 3, 8, 2, 0.026206840829720864, -0.013918204385080908, 0.09134656199731256, 0, 0, 0]
['6dm\r\n', 21.634570598602295, 2, 10, 2, 0.02427373037542229, -0.016736753479660367, 0.08643803146068502, 0, 0, 0]
['6dm\r\n', 21.884564876556396, 2, 10, 2, 0.020474836817332004, -0.016970043051445796, 0.08170576657767775, 0, 0, 0]
['6dm\r\n', 22.087682485580444, 2, 9, 2, 0.017146987284502483, -0.016350701372694065, 0.07710796388946906, 0, 0, 0]
['6dm\r\n', 22.3148410320282, 1, 8, 2, 0.014953190007450275, -0.014747307356520079, 0.07694632380379662, 0, 0, 0]
['6dm\r\n', 22.533578157424927, 1, 7, 2, 0.013227213712940077, -0.01200842223542433, 0.07574444103832834, 0, 0, 0]
['6dm\r\n', 22.75232219696045, 1, 5, 2, 0.01130576897980146, -0.009015759751097453, 0.0779690643356249, 0, 0, 0]
['6dm\r\n', 23.002313137054443, 1, 3, 2, 0.011029398003536379, -0.005793497272350262, 0.07989684247434009, 0, 0, 0]
['6dm\r\n', 23.20543384552002, 1, 1, 2, 0.01114033864440837, -0.0024984456768294486, 0.07901472596990078, 0, 0, 0]
['6dm\r\n', 23.408552169799805, 1, 0, 2, 0.012390393652812332, 1.4740488902889592e-06, 0.07893100568871386, 0, 0, 0]
['6dm\r\n', 23.64292073249817, 1, -1, 2, 0.014268598804781416, 0.0029856362370616688, 0.07883037142477517, 0, 0, 0]
['6dm\r\n', 23.846038818359375, 2, -3, 2, 0.01671380832471695, 0.0060984856332468584, 0.07856352888007506, 0, 0, 0]
['6dm\r\n', 24.080406188964844, 2, -6, 2, 0.01931949183243926, 0.010064478974180922, 0.07818057874128964, 0, 0, 0]
['6dm\r\n', 24.31597089767456, 2, -8, 2, 0.020193518904319297, 0.013840190519924505, 0.07698859925113932, 0, 0, 0]
['6dm\r\n', 24.534711122512817, 2, -10, 2, 0.021103239201185828, 0.017860196052933507, 0.07241803860069718, 0, 0, 0]
['6dm\r\n', 24.769078493118286, 2, -13, 2, 0.02027024519481838, 0.02161911062907468, 0.0651613901485526, 0, 0, 0]
['7dm\r\n', 24.9878249168396, 2, -14, 2, 0.019041500342554356, 0.023743427708846822, 0.057740262203106296, 0, 0, 0]
['7dm\r\n', 25.20657205581665, 2, -14, 2, 0.016609394042159577, 0.02478086689163459, 0.048220613697156245, 0, 0, 0]
['7dm\r\n', 25.409684658050537, 1, -14, 1, 0.01443316510453968, 0.023771508246808723, 0.038095586647082846, 0, 0, 0]
['7dm\r\n', 25.644057035446167, 1, -11, 1, 0.010246407861071484, 0.019893462133402567, 0.029516465909181222, 0, 0, 0]
['6dm\r\n', 25.847172021865845, 0, -8, 1, 0.005598138554905603, 0.013812177137315251, 0.02135660531477418, 0, 0, 0]
['6dm\r\n', 26.06591248512268, 0, -5, 1, 0.0008246298153503431, 0.009458886765310523, 0.014888124196380859, 0, 0, 0]
['6dm\r\n', 26.28592538833618, 0, -4, 1, -0.003317210571956143, 0.008065024257171302, 0.011957534492918698, 0, 0, 0]
['6dm\r\n', 26.489047527313232, 0, -4, 1, -0.006836338046325156, 0.007998383858765487, 0.01149830725538864, 0, 0, 0]
['6dm\r\n', 26.70779824256897, -1, -6, 1, -0.00961058509025875, 0.010089444270756916, 0.011571914632638514, 0, 0, 0]
['6dm\r\n', 26.910916090011597, -1, -7, 1, -0.011972402962532575, 0.012353484707355589, 0.012237185016990615, 0, 0, 0]
['6dm\r\n', 27.114031553268433, -1, -8, 1, -0.01430425009507924, 0.01458260707233442, 0.012651122454019115, 0, 0, 0]

split

['6dm\r\n', 27.317151069641113, -1, -9, 1, 0, 0, 0, 0, 0, 0]
['6dm\r\n', 0.1093752384185791, -10, -15, 10, 0, 0, 0, -0.28480395797296626, 0.20091264595984107, 1.2205083398274914]
['6dm\r\n', 0.21874523162841797, -10, -13, 8, 0, 0, 0, -0.28720879837244745, 0.2045267480777178, 1.2206600680825785]
['6dm\r\n', 0.3124887943267822, -10, -13, 8, 0, 0, 0, -0.2945016615705622, 0.2097885018730229, 1.239181904895025]
['6dm\r\n', 0.4218573570251465, -10, -13, 8, 0, 0, 0, -0.2948319502052, 0.2134516132940055, 1.2205159326324864]
['6dm\r\n', 0.5468523502349854, -10, -14, 8, 0, 0, 0, -0.2998608224893318, 0.21846963046984919, 1.2205940048593389]
['6dm\r\n', 0.640601396560669, -10, -14, 8, 0, 0, 0, -0.30375352758704854, 0.22146511406195635, 1.2344151680484883]
['6dm\r\n', 0.7656018733978271, -10, -14, 8, 0, 0, 0, -0.2975416862916698, 0.22458265185348902, 1.2050375098939254]
['6dm\r\n', 0.8593485355377197, -10, -15, 8, 0, 0, 0, -0.2911931970871495, 0.23126777704721846, 1.214498125046187]
['6dm\r\n', 0.9854865074157715, -10, -15, 7, 0, 0, 0, -0.27892687698585356, 0.2379914757296681, 1.1783893634996765]
['6dm\r\n', 1.094857931137085, -10, -15, 8, 0, 0, 0, -0.2704926633441077, 0.24573877877358208, 1.176563987232631]
['6dm\r\n', 1.2198536396026611, -10, -15, 7, 0, 0, 0, -0.25005025850285895, 0.2553626263600964, 1.141890429202306]
['6dm\r\n', 1.3292274475097656, -9, -15, 7, 0, 0, 0, -0.22982574427055197, 0.25986960498053335, 1.1154613075450137]
['6dm\r\n', 1.4229719638824463, -9, -15, 7, 0, 0, 0, -0.22982574427055197, 0.25986960498053335, 1.1154613075450137]
['6dm\r\n', 1.532350778579712, -6, -15, 7, 0, 0, 0, -0.1784448204736695, 0.27025415831256505, 1.0828736481977803]
['6dm\r\n', 1.6417155265808105, -6, -15, 7, 0, 0, 0, -0.15431149876784028, 0.2744099122418719, 1.0671640204982262]
['6dm\r\n', 1.751084566116333, -5, -15, 6, 0, 0, 0, -0.12772250728492535, 0.2757092328609526, 1.0175725921574936]
['6dm\r\n', 1.8760826587677002, -5, -15, 6, 0, 0, 0, -0.12772250728492535, 0.2757092328609526, 1.0175725921574936]
['6dm\r\n', 1.9854521751403809, -2, -15, 7, 0, 0, 0, -0.07291328482584927, 0.2837319857700926, 1.011739300142971]
['6dm\r\n', 2.0948314666748047, -1, -15, 6, 0, 0, 0, -0.044692992829538786, 0.2801907641145357, 0.9512818012381432]
['6dm\r\n', 2.204202651977539, 0, -15, 6, 0, 0, 0, -0.02000462637606902, 0.28001902728075656, 0.9268992214164893]
['6dm\r\n', 2.313567876815796, 0, -15, 5, 0, 0, 0, 0.015293952120087396, 0.2747710424795579, 0.8599335516407571]
['6dm\r\n', 2.4229397773742676, 1, -15, 6, 0, 0, 0, 0.040200523043984505, 0.2750715561886602, 0.8562086635911061]
['6dm\r\n', 2.5323128700256348, 3, -15, 5, 0, 0, 0, 0.06900342006261227, 0.266815602558482, 0.8074789442105559]
['6dm\r\n', 2.6416847705841064, 3, -15, 5, 0, 0, 0, 0.08514213875356312, 0.25893911123947744, 0.7674563984970497]
['6dm\r\n', 2.766679048538208, 4, -15, 5, 0, 0, 0, 0.10192514440409498, 0.254324116234917, 0.7452929693482051]
['6dm\r\n', 2.8604280948638916, 4, -15, 4, 0, 0, 0, 0.11322911742079027, 0.24664104321645694, 0.7175942012794545]
['6dm\r\n', 2.986538887023926, 5, -15, 4, 0, 0, 0, 0.12521909450325625, 0.2366026504410652, 0.677866153443903]
['6dm\r\n', 3.0959103107452393, 5, -14, 4, 0, 0, 0, 0.13062869321114878, 0.22849148843977574, 0.6423172771814609]
['6dm\r\n', 3.205281972885132, 5, -14, 4, 0, 0, 0, 0.13507816123421004, 0.22201451348323442, 0.61136901218859]
['6dm\r\n', 3.2990291118621826, 5, -13, 3, 0, 0, 0, 0.1401154384191355, 0.21260760115948246, 0.5740258476159359]
['6dm\r\n', 3.4240267276763916, 6, -13, 3, 0, 0, 0, 0.14496765292390787, 0.20425661432991235, 0.562026317687073]
['6dm\r\n', 3.5333967208862305, 6, -12, 3, 0, 0, 0, 0.14441008471458225, 0.19281398549544498, 0.5089158188521445]
['6dm\r\n', 3.6427674293518066, 6, -12, 3, 0, 0, 0, 0.14567852339077744, 0.18749748375963024, 0.4906643580079703]
['6dm\r\n', 3.752141237258911, 5, -11, 3, 0, 0, 0, 0.14109836747777194, 0.18109649620652496, 0.4603391698638291]
['6dm\r\n', 3.861511468887329, 5, -11, 2, 0, 0, 0, 0.13460800294800232, 0.17484559464270474, 0.4289693763976778]
['6dm\r\n', 3.9865057468414307, 4, -10, 2, 0, 0, 0, 0.1217156138855871, 0.16114412341344922, 0.4011441471630815]
['6dm\r\n', 4.095878839492798, 4, -8, 2, 0, 0, 0, 0.10544069504517678, 0.13974110227499198, 0.3775163024719658]
['6dm\r\n', 4.205251455307007, 3, -7, 2, 0, 0, 0, 0.09250544528974423, 0.12020284835136529, 0.3624358859503936]
['6dm\r\n', 4.330243825912476, 3, -6, 2, 0, 0, 0, 0.07952219905702203, 0.09750994635300755, 0.34662202488104027]
['5dm\r\n', 4.423994541168213, 2, -4, 2, 0, 0, 0, 0.06692089851527049, 0.07027023187800625, 0.33817008443384616]
['5dm\r\n', 4.533364295959473, 1, -2, 2, 0, 0, 0, 0.04862565986414837, 0.03947167430203459, 0.3160416607843825]
['5dm\r\n', 4.658360958099365, 1, -1, 2, 0, 0, 0, 0.0368772915184237, 0.018866140652702673, 0.31123309260934834]
['5dm\r\n', 4.752110004425049, 0, 0, 2, 0, 0, 0, 0.025343819914803813, 0.0036031239315550967, 0.3009505900539287]
['5dm\r\n', 4.861482858657837, 0, 1, 2, 0, 0, 0, 0.011436439534548721, -0.014158554356746428, 0.2804882823170464]
['5dm\r\n', 4.955228805541992, 0, 2, 2, 0, 0, 0, 0.0006939759079297524, -0.03172837914695442, 0.27501312981421994]
['5dm\r\n', 5.067117929458618, 0, 2, 1, 0, 0, 0, -0.009863833985518117, -0.03920287216342269, 0.25159734872033374]
['5dm\r\n', 5.16086483001709, 0, 2, 1, 0, 0, 0, -0.020816572208140805, -0.04325534393409486, 0.24451414333758698]
['5dm\r\n', 5.254612684249878, -1, 2, 1, 0, 0, 0, -0.03162937200264667, -0.04197374176742477, 0.24141456613855222]
['5dm\r\n', 5.363986492156982, -1, 2, 1, 0, 0, 0, -0.04076507887095835, -0.03399777941534743, 0.23647098002386951]
['5dm\r\n', 5.488980054855347, -2, 1, 1, 0, 0, 0, -0.04854123805140073, -0.02359967266144819, 0.23344232354007216]
['5dm\r\n', 5.58272385597229, -2, 0, 2, 0, 0, 0, -0.05441167044511939, -0.012274559464845847, 0.23954547020406963]
['5dm\r\n', 5.692105770111084, -2, 0, 2, 0, 0, 0, -0.05556745120000792, 0.00047448586899270784, 0.24239696667996385]
['5dm\r\n', 5.801469564437866, -2, -1, 2, 0, 0, 0, -0.05386991867732799, 0.019340289925040333, 0.24729658072719346]
['5dm\r\n', 5.895220041275024, -2, -2, 1, 0, 0, 0, -0.051666941109967446, 0.03481821333450241, 0.2449260059057609]
['5dm\r\n', 6.020209550857544, -1, -3, 1, 0, 0, 0, -0.047393450642426525, 0.04924896247892108, 0.24325398113793023]
['5dm\r\n', 6.129585027694702, -1, -4, 1, 0, 0, 0, -0.04234832082490371, 0.06457429517059601, 0.24095798775132632]
['5dm\r\n', 6.223332166671753, -1, -5, 2, 0, 0, 0, -0.037091543003984664, 0.08040588716025789, 0.24331546537794618]
['5dm\r\n', 6.332701206207275, -1, -7, 2, 0, 0, 0, -0.02929077903565305, 0.10193398568851551, 0.24626909098156807]
['5dm\r\n', 6.488949298858643, 0, -8, 1, 0, 0, 0, -0.020761241706137974, 0.12379769248294159, 0.23548790838008898]
['5dm\r\n', 6.598320245742798, 0, -9, 1, 0, 0, 0, -0.011754479798921613, 0.14378706914591388, 0.22477263221948057]
['5dm\r\n', 6.723315477371216, 0, -10, 1, 0, 0, 0, -0.004438532114167451, 0.15772327845593453, 0.22272107122350965]
['5dm\r\n', 6.832688808441162, 0, -11, 1, 0, 0, 0, 0.005728092280211766, 0.17700762468922351, 0.2162670991516215]
['5dm\r\n', 6.973313570022583, 0, -12, 1, 0, 0, 0, 0.012762127390012541, 0.18871515825541524, 0.2152245397587414]
['5dm\r\n', 7.098304748535156, 0, -13, 1, 0, 0, 0, 0.020048470831187083, 0.20400911555866585, 0.2066589935942375]
['5dm\r\n', 7.2076735496521, 1, -14, 1, 0, 0, 0, 0.027128788732515362, 0.2191144698613487, 0.20671572172924696]
['5dm\r\n', 7.317044019699097, 1, -14, 1, 0, 0, 0, 0.03270081927126843, 0.22613284793979338, 0.20236955644201055]
['5dm\r\n', 7.42642068862915, 1, -15, 1, 0, 0, 0, 0.04155052522913276, 0.23304738120386334, 0.19162816685385758]
['5dm\r\n', 7.551414251327515, 2, -15, 1, 0, 0, 0, 0.047840688382199355, 0.23527038902724753, 0.1805627866077018]
['5dm\r\n', 7.692035436630249, 2, -15, 1, 0, 0, 0, 0.05760801222472198, 0.23481636753478236, 0.15557073269081834]
['5dm\r\n', 7.801405668258667, 2, -15, 1, 0, 0, 0, 0.06430619705361056, 0.23263904554070602, 0.14242600699013858]
['5dm\r\n', 7.9576497077941895, 3, -14, 0, 0, 0, 0, 0.07240539058523734, 0.22633965417644908, 0.11132658621315361]
['5dm\r\n', 8.082645893096924, 3, -14, 0, 0, 0, 0, 0.08339735847843174, 0.21807522066581658, 0.09106543392473926]
['5dm\r\n', 8.192020416259766, 3, -13, 0, 0, 0, 0, 0.09012100770512084, 0.20832824853032497, 0.07489695370965838]
['5dm\r\n', 8.332637786865234, 4, -12, 0, 0, 0, 0, 0.09451842093074908, 0.19391943880513948, 0.05433160839014772]
['5dm\r\n', 8.457634210586548, 4, -11, 0, 0, 0, 0, 0.09593090288086803, 0.17929403832263804, 0.0353964034073983]
['5dm\r\n', 8.582632303237915, 4, -10, 0, 0, 0, 0, 0.09557983582750439, 0.16611082862784277, 0.011667060760388925]
['5dm\r\n', 8.69200849533081, 4, -10, 0, 0, 0, 0, 0.09528297116546322, 0.1601781015542148, -0.006779981321393014]
['5dm\r\n', 8.801380634307861, 3, -10, 0, 0, 0, 0, 0.09356532575876575, 0.15445428866424105, -0.03602462267986323]
['5dm\r\n', 8.895126819610596, 3, -10, 0, 0, 0, 0, 0.09222537675422354, 0.15116445215979246, -0.04649243977283596]
['5dm\r\n', 8.988869190216064, 3, -9, 0, 0, 0, 0, 0.08707343530058066, 0.14495219817334143, -0.06624738358223092]
['5dm\r\n', 9.11386513710022, 3, -8, 0, 0, 0, 0, 0.08115788262227433, 0.13340244100901583, -0.09240428501074952]
['5dm\r\n', 9.20761489868164, 3, -8, 0, 0, 0, 0, 0.07932917543594013, 0.12190243200149245, -0.11088350484665849]
['5dm\r\n', 9.301358222961426, 3, -7, 0, 0, 0, 0, 0.07776992610899547, 0.11325245787144701, -0.125715083723544]
['5dm\r\n', 9.395108938217163, 3, -7, 0, 0, 0, 0, 0.07776992610899547, 0.11325245787144701, -0.125715083723544]
['5dm\r\n', 9.520101070404053, 3, -7, 0, 0, 0, 0, 0.07776992610899547, 0.11325245787144701, -0.125715083723544]
['5dm\r\n', 9.613847494125366, 3, -7, 0, 0, 0, 0, 0.07776992610899547, 0.11325245787144701, -0.125715083723544]
['5dm\r\n', 9.707596778869629, 3, -7, 0, 0, 0, 0, 0.07776992610899547, 0.11325245787144701, -0.125715083723544]
['5dm\r\n', 9.80134892463684, 3, -7, 0, 0, 0, 0, 0.07776992610899547, 0.11325245787144701, -0.125715083723544]
['5dm\r\n', 9.94196367263794, 3, -7, 0, 0, 0, 0, 0.07776992610899547, 0.11325245787144701, -0.125715083723544]
['5dm\r\n', 10.05133581161499, 3, -7, 0, 0, 0, 0, 0.07776992610899547, 0.11325245787144701, -0.125715083723544]
['5dm\r\n', 10.13708209991455, 3, -7, 0, 0, 0, 0, 0.07776992610899547, 0.11325245787144701, -0.125715083723544]
['5dm\r\n', 10.215202331542969, 3, -7, 0, 0, 0, 0, 0.07776992610899547, 0.11325245787144701, -0.125715083723544]
['5dm\r\n', 10.387075424194336, 3, -7, 0, 0, 0, 0, 0.07776992610899547, 0.11325245787144701, -0.125715083723544]
['5dm\r\n', 10.480819702148438, 3, -7, 0, 0, 0, 0, 0.07776992610899547, 0.11325245787144701, -0.125715083723544]
['4dm\r\n', 10.5745689868927, 3, -7, 0, 0, 0, 0, 0.07776992610899547, 0.11325245787144701, -0.125715083723544]
['4dm\r\n', 10.668323278427124, 3, -7, 0, 0, 0, 0, 0.07776992610899547, 0.11325245787144701, -0.125715083723544]
['4dm\r\n', 10.777685403823853, 3, -7, 0, 0, 0, 0, 0.07776992610899547, 0.11325245787144701, -0.125715083723544]
['4dm\r\n', 10.902689933776855, 3, -7, 0, 0, 0, 0, 0.07776992610899547, 0.11325245787144701, -0.125715083723544]
