height, time, speed, speed2, speed3, Error, Error2, Error3, Errorxs, Error2xs, Error3xs 
['6dm\r\n', 5.7993950843811035, 3, 30, 7, 0.02776218894850744, -0.0593078625967774, 0.2926964963434561, 0, 0, 0]
['ok', 6.674366474151611, 2, 24, 6, 0.02450836298492494, -0.040528284381475314, 0.32800307045225036, 0, 0, 0]
['6dm\r\n', 7.299351453781128, 2, 30, 6, 0.023301971978590134, -0.07608403395075833, 0.33847340719914704, 0, 0, 0]
['6dm\r\n', 7.799329042434692, 9, 30, 7, 0.07356805156425558, -0.07874425357239631, 0.356863829403897, 0, 0, 0]
['6dm\r\n', 8.346186399459839, 9, 21, 7, 0.08000271399438728, -0.0368027791776221, 0.3711993801368774, 0, 0, 0]
['7dm\r\n', 8.783677101135254, 9, -2, 8, 0.08060373827118536, 0.003371776521845983, 0.39140738283452264, 0, 0, 0]
['7dm\r\n', 9.064915657043457, 9, -15, 8, 0.07772567831067925, 0.026185244053359556, 0.39712840800527754, 0, 0, 0]
['7dm\r\n', 9.36178207397461, 8, -25, 8, 0.07424606341569623, 0.04294682688711918, 0.4043435764788856, 0, 0, 0]
['8dm\r\n', 9.64302134513855, 8, -30, 8, 0.06771443664957594, 0.05631514582113954, 0.4051102145978481, 0, 0, 0]
['8dm\r\n', 9.924268245697021, 6, -30, 8, 0.058139980509926095, 0.058102920346244466, 0.39676384551632676, 0, 0, 0]
['8dm\r\n', 10.189879417419434, 5, -30, 7, 0.04990203102774324, 0.051883031589524405, 0.39180409585314074, 0, 0, 0]
['8dm\r\n', 10.424248695373535, 4, -24, 7, 0.0414857603439506, 0.04039114731732257, 0.37977160582821085, 0, 0, 0]
['7dm\r\n', 10.690562963485718, 3, -13, 7, 0.02912789781661408, 0.02209451324980504, 0.3725275566486908, 0, 0, 0]
['7dm\r\n', 10.94055724143982, 2, -5, 7, 0.02024450182334122, 0.009723042650088762, 0.36147885700274, 0, 0, 0]
['7dm\r\n', 11.190546751022339, 1, 0, 7, 0.01162973716255131, -9.524752844958934e-05, 0.3485925943463119, 0, 0, 0]
['7dm\r\n', 11.440542697906494, 0, 1, 6, 0.006232436048209319, -0.002539348241404442, 0.3358596629198078, 0, 0, 0]
['7dm\r\n', 11.706158638000488, 0, 1, 6, 0.00017401293976919419, -0.0017769556203760875, 0.3339939999808608, 0, 0, 0]
['7dm\r\n', 11.98739767074585, 0, 0, 6, -0.005717308203438555, -0.0004939934887319072, 0.3268485903607163, 0, 0, 0]
['7dm\r\n', 12.268643140792847, -1, 0, 6, -0.009745833988151917, -0.0012063891281330202, 0.31632814458260966, 0, 0, 0]
['7dm\r\n', 12.51863169670105, -1, 3, 6, -0.01392850642913411, -0.0050439823752593815, 0.30909600219576955, 0, 0, 0]
['7dm\r\n', 12.768625974655151, -2, 6, 6, -0.016717178552489026, -0.010246134397639002, 0.29699371553259674, 0, 0, 0]
['7dm\r\n', 13.0029935836792, -2, 9, 6, -0.019436125552077584, -0.015614366769989785, 0.2861162187815049, 0, 0, 0]
['7dm\r\n', 13.237361431121826, -2, 11, 6, -0.0222223735756817, -0.019937851575593427, 0.284402364766526, 0, 0, 0]
['7dm\r\n', 13.471728324890137, -2, 12, 5, -0.02280180783177633, -0.021303401298981263, 0.27257131889170066, 0, 0, 0]
['7dm\r\n', 13.69306206703186, -2, 12, 5, -0.023506163777886023, -0.02014063619898651, 0.2668773241512626, 0, 0, 0]
['7dm\r\n', 14.068049430847168, -2, 10, 5, -0.02280813096752827, -0.016814295508454084, 0.2566376866440923, 0, 0, 0]
['7dm\r\n', 14.411789655685425, -2, 7, 5, -0.019496354674565043, -0.011841380860589425, 0.24673199263477513, 0, 0, 0]
['7dm\r\n', 14.739908218383789, -1, 4, 5, -0.01427188790718778, -0.007938285223777347, 0.23767901275736608, 0, 0, 0]
['7dm\r\n', 15.083644390106201, -1, 4, 5, -0.00924159972277925, -0.0077182341876835675, 0.2383522902826269, 0, 0, 0]
['7dm\r\n', 15.349258422851562, 0, 6, 5, -0.004690706817367302, -0.010163416326858778, 0.23241933243424578, 0, 0, 0]
['7dm\r\n', 15.599252462387085, 0, 9, 4, 0.0002995490207265625, -0.015260551077660597, 0.2234654110970144, 0, 0, 0]
['7dm\r\n', 15.82202410697937, 0, 13, 4, 0.006227040417746854, -0.02206954694171538, 0.21939853207499588, 0, 0, 0]
['7dm\r\n', 16.040771484375, 1, 16, 4, 0.012126822210052943, -0.02800163050440021, 0.2105371715009257, 0, 0, 0]
['7dm\r\n', 16.275136470794678, 2, 19, 4, 0.01719998092987386, -0.032915131250017444, 0.20838512628134026, 0, 0, 0]
['7dm\r\n', 16.49387812614441, 2, 20, 4, 0.023428051981066823, -0.03492508707518636, 0.20178395082038764, 0, 0, 0]
['6dm\r\n', 16.74387240409851, 3, 18, 4, 0.030907883382927874, -0.03126543899689197, 0.1965383445868067, 0, 0, 0]
['6dm\r\n', 16.962615489959717, 4, 14, 4, 0.03691292910796459, -0.02428831101109901, 0.1904281140633977, 0, 0, 0]
['6dm\r\n', 17.21260929107666, 5, 9, 4, 0.042774321247193076, -0.01523182601193062, 0.18331440713128677, 0, 0, 0]
['7dm\r\n', 17.4313485622406, 5, 3, 4, 0.04792005727193789, -0.005427098823639023, 0.18049930837347888, 0, 0, 0]
['7dm\r\n', 17.665719032287598, 6, -2, 4, 0.05224027635801817, 0.0038774439095812727, 0.1781896489612375, 0, 0, 0]
['7dm\r\n', 17.901138067245483, 6, -6, 4, 0.05613345774845717, 0.010965558967079781, 0.17161053558025968, 0, 0, 0]
['7dm\r\n', 18.135499477386475, 7, -9, 4, 0.05950034587761926, 0.015122688238857332, 0.17122006666298784, 0, 0, 0]
['7dm\r\n', 18.354245901107788, 7, -11, 3, 0.06147708572191016, 0.019245941653191077, 0.16423625789552337, 0, 0, 0]
['7dm\r\n', 18.572986841201782, 7, -14, 3, 0.06334770940439366, 0.023656614443299827, 0.15974667459262154, 0, 0, 0]
['7dm\r\n', 18.791728973388672, 7, -15, 3, 0.0656292661443065, 0.026613171044449723, 0.15547198147213176, 0, 0, 0]
['7dm\r\n', 19.02609610557556, 8, -16, 3, 0.06770170085116813, 0.02814370751552671, 0.15131046951901034, 0, 0, 0]
['7dm\r\n', 19.244842529296875, 8, -16, 3, 0.07053035630050444, 0.027239810604123883, 0.14509990889980445, 0, 0, 0]
['7dm\r\n', 19.463585376739502, 8, -12, 3, 0.07293233564536147, 0.021365807268966797, 0.13824222239283068, 0, 0, 0]
['7dm\r\n', 19.699068784713745, 8, -8, 3, 0.07242737037070453, 0.014081923235381419, 0.12859778001161953, 0, 0, 0]
['7dm\r\n', 19.933435440063477, 8, 0, 3, 0.0690163041123808, 0.0004714291668638723, 0.1190830511993245, 0, 0, 0]
['7dm\r\n', 20.136557817459106, 7, 5, 2, 0.06427241091598966, -0.009581253895824093, 0.10975357537805275, 0, 0, 0]
['6dm\r\n', 20.3552987575531, 6, 11, 2, 0.05649227744492104, -0.018743049963547212, 0.10347845775065578, 0, 0, 0]
['6dm\r\n', 20.605289220809937, 5, 14, 2, 0.04814893901505251, -0.0240941716735942, 0.09764537180879435, 0, 0, 0]
['6dm\r\n', 20.792781352996826, 4, 15, 2, 0.040898599815917216, -0.02586516429755841, 0.09296062834435886, 0, 0, 0]
['6dm\r\n', 21.02714967727661, 3, 14, 2, 0.031831380024804, -0.024987983024982487, 0.08835101896849579, 0, 0, 0]
['6dm\r\n', 21.24589490890503, 2, 12, 2, 0.022763858784458354, -0.020590086803753523, 0.08760767141177067, 0, 0, 0]
['6dm\r\n', 21.464634895324707, 1, 8, 2, 0.01599574618483766, -0.015035086622163019, 0.08377511168792928, 0, 0, 0]
['6dm\r\n', 21.714629650115967, 1, 4, 2, 0.0097989283258203, -0.007603898331338087, 0.08031656837711376, 0, 0, 0]
['6dm\r\n', 21.933372735977173, 0, 0, 2, 0.006184747609518898, 0.0005663948635985516, 0.07658129444268724, 0, 0, 0]
['6dm\r\n', 22.136497974395752, 0, -4, 2, 0.0046237647865468995, 0.007264772697491012, 0.07155302225680216, 0, 0, 0]
['6dm\r\n', 22.370858669281006, 0, -9, 2, 0.0027448515601652818, 0.014995302463281453, 0.06641174624216434, 0, 0, 0]
['6dm\r\n', 22.573983430862427, 0, -12, 2, 0.002005956614374242, 0.02048236530324827, 0.06504366213454271, 0, 0, 0]
['6dm\r\n', 22.79543662071228, 0, -16, 2, 0.0016766813622044949, 0.026734885285396384, 0.06163619479824067, 0, 0, 0]
['6dm\r\n', 23.02980613708496, 0, -19, 2, 0.0010387618426031461, 0.03203585857019764, 0.0603280869848995, 0, 0, 0]
['6dm\r\n', 23.248547554016113, 0, -20, 2, 0.0016635468347978785, 0.03448759308229077, 0.057743242834244146, 0, 0, 0]
['6dm\r\n', 23.467292070388794, 0, -19, 2, 0.003390689313170256, 0.03277085533654517, 0.057702642726579156, 0, 0, 0]
['6dm\r\n', 23.70166039466858, 0, -15, 2, 0.006324297793300772, 0.0263169636436493, 0.05703614845352867, 0, 0, 0]
['6dm\r\n', 23.904783725738525, 1, -10, 2, 0.008373638513124802, 0.017373728692729306, 0.05551316247948296, 0, 0, 0]
['6dm\r\n', 24.13914656639099, 1, -4, 2, 0.011487549986458543, 0.00833033951010824, 0.05301862902115784, 0, 0, 0]
['6dm\r\n', 24.37351393699646, 2, 0, 1, 0.016581459373067216, 0.0010587479353944204, 0.04899333059567329, 0, 0, 0]
['6dm\r\n', 24.576634645462036, 2, 1, 1, 0.019416072285827826, -0.0016470294355180187, 0.0452412343114032, 0, 0, 0]
['6dm\r\n', 24.7953782081604, 2, 1, 1, 0.021700026640306954, -0.00268699640115911, 0.04430077357402362, 0, 0, 0]
['6dm\r\n', 25.029743432998657, 2, 1, 1, 0.022827616641415013, -0.003244372700675166, 0.03971644820421477, 0, 0, 0]
['6dm\r\n', 25.248485326766968, 2, 2, 1, 0.023597317861333875, -0.003922070172001045, 0.037362068651813574, 0, 0, 0]
['6dm\r\n', 25.46722960472107, 2, 2, 1, 0.024264591305263768, -0.00447426515169775, 0.036767427733418845, 0, 0, 0]
['6dm\r\n', 25.685972452163696, 3, 1, 1, 0.025014643498639383, -0.0031823048393572265, 0.03450439749784984, 0, 0, 0]
['6dm\r\n', 25.90471577644348, 3, 1, 1, 0.02489629048129371, -0.0021120072385954827, 0.03321559790659051, 0, 0, 0]
['6dm\r\n', 26.123456239700317, 2, 0, 1, 0.0239412838268349, 2.2324015478705772e-05, 0.031685554975289854, 0, 0, 0]
['6dm\r\n', 26.357828617095947, 2, -2, 1, 0.0219551037676465, 0.003563218902878751, 0.030935739163479026, 0, 0, 0]

split

['6dm\r\n', 26.560943841934204, 2, -3, 1, 0, 0, 0, 0, 0, 0]
['6dm\r\n', 0.12499618530273438, 2, -3, 1, 0, 0, 0, 0, 0, 0]
['6dm\r\n', 0.24229741096496582, -5, -13, 10, 0, 0, 0, -0.1031148802805035, 0.16291745092822174, 1.3339804052228974]
['6dm\r\n', 0.3516693115234375, -4, -11, 9, 0, 0, 0, -0.10419065898053931, 0.16882667541745705, 1.331087152878649]
['6dm\r\n', 0.47666406631469727, -4, -11, 9, 0, 0, 0, -0.1058021345134007, 0.17906778100010168, 1.3340005926471012]
['6dm\r\n', 0.5860357284545898, -4, -11, 9, 0, 0, 0, -0.1058021345134007, 0.17906778100010168, 1.3340005926471012]
['6dm\r\n', 0.711035966873169, -4, -12, 8, 0, 0, 0, -0.1012517427220762, 0.19160465570213903, 1.2934132195279044]
['6dm\r\n', 0.8204035758972168, -4, -12, 9, 0, 0, 0, -0.10156421689513188, 0.1976480215735724, 1.2988784780622717]
['6dm\r\n', 0.945406436920166, -4, -13, 9, 0, 0, 0, -0.1027648378754347, 0.20274492860824095, 1.2967030498604606]
['6dm\r\n', 1.0391480922698975, -4, -13, 9, 0, 0, 0, -0.10131358878357724, 0.20924492069627615, 1.2945249575575444]
['6dm\r\n', 1.179767370223999, -4, -13, 9, 0, 0, 0, -0.10131358878357724, 0.20924492069627615, 1.2945249575575444]
['6dm\r\n', 1.2735161781311035, -3, -15, 8, 0, 0, 0, -0.09401761691615258, 0.22994770583633925, 1.2486540993132196]
['6dm\r\n', 1.3828859329223633, -3, -15, 8, 0, 0, 0, -0.08754730111511039, 0.24002249755988425, 1.213464572096331]
['6dm\r\n', 1.5078833103179932, -3, -15, 7, 0, 0, 0, -0.07995980756302508, 0.25031004540844937, 1.1425646871936666]
['6dm\r\n', 1.6016311645507812, -3, -15, 7, 0, 0, 0, -0.07705529512830457, 0.2619697116588452, 1.1317412854853717]
['6dm\r\n', 1.7110066413879395, -3, -15, 7, 0, 0, 0, -0.07244652159006952, 0.27175346423004715, 1.1005434658848308]
['6dm\r\n', 1.8203723430633545, -2, -15, 7, 0, 0, 0, -0.07054570216903175, 0.2795783023887253, 1.0730321250103534]
['6dm\r\n', 1.9297423362731934, -3, -15, 6, 0, 0, 0, -0.07154715173745625, 0.2856935606497253, 1.0381928693723372]
['6dm\r\n', 2.054746150970459, -3, -15, 6, 0, 0, 0, -0.07135810080619688, 0.2901439570939284, 0.9851996445608935]
['6dm\r\n', 2.1591413021087646, -3, -15, 5, 0, 0, 0, -0.07283252449281437, 0.2970813110383973, 0.9267364967690843]
['6dm\r\n', 2.284146547317505, -3, -15, 5, 0, 0, 0, -0.07395033248539037, 0.30704807414277313, 0.8767695670689128]
['6dm\r\n', 2.3935155868530273, -3, -15, 5, 0, 0, 0, -0.07334781833479051, 0.3115317367935264, 0.8140028739014784]
['6dm\r\n', 2.5185060501098633, -3, -15, 5, 0, 0, 0, -0.07519958187261554, 0.31808129724502904, 0.7735743828610269]
['6dm\r\n', 2.6122584342956543, -3, -15, 4, 0, 0, 0, -0.08025105528496349, 0.32849856034623814, 0.7326681706046743]
['6dm\r\n', 2.7372496128082275, -3, -15, 4, 0, 0, 0, -0.08375764882259173, 0.3313090246528836, 0.675696333658842]
['6dm\r\n', 2.846622943878174, -3, -15, 4, 0, 0, 0, -0.08919286269925954, 0.33743676593371064, 0.6459687493909638]
['6dm\r\n', 2.9716198444366455, -3, -15, 3, 0, 0, 0, -0.08805174696270879, 0.3372743121783063, 0.5504152160736082]
['6dm\r\n', 3.080991744995117, -3, -15, 3, 0, 0, 0, -0.08917472517495277, 0.34438601086046705, 0.5266868710988049]
['6dm\r\n', 3.2372336387634277, -3, -15, 2, 0, 0, 0, -0.08746841557163115, 0.3543414552960843, 0.470232986844121]
['6dm\r\n', 3.346607208251953, -3, -15, 2, 0, 0, 0, -0.0863270513373347, 0.3563900367872716, 0.4218914808399556]
['6dm\r\n', 3.518474817276001, -3, -15, 2, 0, 0, 0, -0.08613788275309502, 0.3602245648948289, 0.3701033212523908]
['6dm\r\n', 3.643479585647583, -3, -15, 2, 0, 0, 0, -0.08772371359060598, 0.35702275078193846, 0.3260565859356806]
['6dm\r\n', 3.768468141555786, -3, -15, 2, 0, 0, 0, -0.08772371359060598, 0.35702275078193846, 0.3260565859356806]
['6dm\r\n', 3.9090943336486816, -3, -15, 2, 0, 0, 0, -0.08772371359060598, 0.35702275078193846, 0.3260565859356806]
['6dm\r\n', 4.018465995788574, -4, -15, 0, 0, 0, 0, -0.10037556533119601, 0.31523072953217124, 0.18315208782587283]
['6dm\r\n', 4.127836465835571, -4, -15, 0, 0, 0, 0, -0.09800612808196886, 0.29190358909431113, 0.13963571982357015]
['5dm\r\n', 4.2535719871521, -3, -15, 0, 0, 0, 0, -0.08816157675481313, 0.27955385120305964, 0.10094612559376526]
['5dm\r\n', 4.347323417663574, -3, -15, 0, 0, 0, 0, -0.08202678971512607, 0.2737707717996505, 0.07950329288265368]
['5dm\r\n', 4.550436496734619, -3, -15, 0, 0, 0, 0, -0.08202678971512607, 0.2737707717996505, 0.07950329288265368]
['5dm\r\n', 4.644188165664673, -3, -15, 0, 0, 0, 0, -0.08202678971512607, 0.2737707717996505, 0.07950329288265368]
['5dm\r\n', 4.737931251525879, -3, -15, 0, 0, 0, 0, -0.08202678971512607, 0.2737707717996505, 0.07950329288265368]
['5dm\r\n', 4.847305774688721, -3, -15, 0, 0, 0, 0, -0.08202678971512607, 0.2737707717996505, 0.07950329288265368]
['5dm\r\n', 4.97229790687561, -3, -15, 0, 0, 0, 0, -0.08202678971512607, 0.2737707717996505, 0.07950329288265368]
['5dm\r\n', 5.050422191619873, -3, -15, 0, 0, 0, 0, -0.08202678971512607, 0.2737707717996505, 0.07950329288265368]
['5dm\r\n', 5.206674575805664, -3, -15, 0, 0, 0, 0, -0.08202678971512607, 0.2737707717996505, 0.07950329288265368]
['5dm\r\n', 5.316040754318237, -3, -15, 0, 0, 0, 0, -0.08202678971512607, 0.2737707717996505, 0.07950329288265368]
['5dm\r\n', 5.409786939620972, -3, -15, 0, 0, 0, 0, -0.08202678971512607, 0.2737707717996505, 0.07950329288265368]
['5dm\r\n', 5.550405502319336, -3, -15, 0, 0, 0, 0, -0.08202678971512607, 0.2737707717996505, 0.07950329288265368]
['5dm\r\n', 5.691028833389282, -3, -15, 0, 0, 0, 0, -0.08202678971512607, 0.2737707717996505, 0.07950329288265368]
['5dm\r\n', 5.800397872924805, -3, -15, 0, 0, 0, 0, -0.08202678971512607, 0.2737707717996505, 0.07950329288265368]
['5dm\r\n', 5.878523588180542, 3, -10, -3, 0, 0, 0, 0.058310853142137895, 0.1864952318893083, -0.1699804145206528]
['5dm\r\n', 6.003516912460327, 2, -11, -1, 0, 0, 0, 0.05770118203017295, 0.17884721207640575, -0.172323945821801]
['5dm\r\n', 6.12851357460022, 2, -11, -1, 0, 0, 0, 0.05770118203017295, 0.17884721207640575, -0.172323945821801]
['5dm\r\n', 6.222267389297485, 2, -11, -1, 0, 0, 0, 0.05770118203017295, 0.17884721207640575, -0.172323945821801]
['5dm\r\n', 6.316009998321533, 2, -11, -1, 0, 0, 0, 0.05770118203017295, 0.17884721207640575, -0.172323945821801]
['5dm\r\n', 6.456629514694214, 2, -11, -1, 0, 0, 0, 0.05770118203017295, 0.17884721207640575, -0.172323945821801]
['5dm\r\n', 6.565998554229736, 2, -9, -1, 0, 0, 0, 0.05877052772585329, 0.14629419053653622, -0.17651125111219104]
['5dm\r\n', 6.6753716468811035, 2, -9, -1, 0, 0, 0, 0.05682726060920498, 0.13849000308475035, -0.18011480149675108]
['5dm\r\n', 6.769117593765259, 2, -8, -1, 0, 0, 0, 0.054057201035080694, 0.13011005162944667, -0.1819816974877148]
['5dm\r\n', 6.878490447998047, 2, -7, -1, 0, 0, 0, 0.050700951763882035, 0.12000594835428369, -0.18228823705102665]
['5dm\r\n', 7.003484487533569, 2, -7, -1, 0, 0, 0, 0.050700951763882035, 0.12000594835428369, -0.18228823705102665]
['5dm\r\n', 7.128486633300781, 2, -7, -1, 0, 0, 0, 0.050700951763882035, 0.12000594835428369, -0.18228823705102665]
['5dm\r\n', 7.253485679626465, 2, -7, -1, 0, 0, 0, 0.050700951763882035, 0.12000594835428369, -0.18228823705102665]
['5dm\r\n', 7.40972375869751, 2, -7, -1, 0, 0, 0, 0.050700951763882035, 0.12000594835428369, -0.18228823705102665]
['5dm\r\n', 7.519096851348877, 2, -7, -1, 0, 0, 0, 0.050700951763882035, 0.12000594835428369, -0.18228823705102665]
['4dm\r\n', 7.628464460372925, 2, -7, -1, 0, 0, 0, 0.050700951763882035, 0.12000594835428369, -0.18228823705102665]
['4dm\r\n', 7.737839460372925, 2, -7, -1, 0, 0, 0, 0.050700951763882035, 0.12000594835428369, -0.18228823705102665]
['4dm\r\n', 7.847209453582764, 2, -7, -1, 0, 0, 0, 0.050700951763882035, 0.12000594835428369, -0.18228823705102665]
['4dm\r\n', 7.940957546234131, 2, -7, -1, 0, 0, 0, 0.050700951763882035, 0.12000594835428369, -0.18228823705102665]
['4dm\r\n', 8.050332307815552, 2, -7, -1, 0, 0, 0, 0.050700951763882035, 0.12000594835428369, -0.18228823705102665]
['4dm\r\n', 8.144080877304077, 2, -7, -1, 0, 0, 0, 0.050700951763882035, 0.12000594835428369, -0.18228823705102665]
['4dm\r\n', 8.269073009490967, 2, -7, -1, 0, 0, 0, 0.050700951763882035, 0.12000594835428369, -0.18228823705102665]
['4dm\r\n', 8.347196817398071, 2, -7, -1, 0, 0, 0, 0.050700951763882035, 0.12000594835428369, -0.18228823705102665]
['4dm\r\n', 8.470448970794678, 2, -7, -1, 0, 0, 0, 0.050700951763882035, 0.12000594835428369, -0.18228823705102665]
['4dm\r\n', 8.642318725585938, 2, -7, -1, 0, 0, 0, 0.050700951763882035, 0.12000594835428369, -0.18228823705102665]
