height, time, speed, speed2, speed3, Error, Error2, Error3, Errorxs, Error2xs, Error3xs 

staircase

['6dm\r\n', 8.883386373519897, 2, 30, 10, 0.0193032743443776, -0.14334068419515789, 0.5998755479873044, 0, 0, 0]
['ok', 9.711486577987671, 2, 30, 10, 0.0210848388107017, -0.11381092522158975, 0.6304347691107788, 0, 0, 0]
['6dm\r\n', 10.227096557617188, 2, 30, 10, 0.018661598640883452, -0.1308933625030063, 0.625288238694691, 0, 0, 0]
['6dm\r\n', 10.617708206176758, 1, 30, 10, 0.012310973309757656, -0.13882899232914878, 0.606183426103269, 0, 0, 0]
['6dm\r\n', 10.930199384689331, 1, 30, 10, 0.012573823307543398, -0.12071859721713174, 0.6107142148693485, 0, 0, 0]
['7dm\r\n', 11.289563417434692, 1, 30, 10, 0.011379171957607112, -0.08772667977623713, 0.5965919948543275, 0, 0, 0]
['7dm\r\n', 11.602051496505737, 1, 30, 10, 0.009912001423355018, -0.06276410322708054, 0.6038461268365067, 0, 0, 0]
['8dm\r\n', 11.945794105529785, 1, 20, 10, 0.008492830608881195, -0.03460480881244352, 0.5992819548837947, 0, 0, 0]
['8dm\r\n', 12.25530457496643, 0, 3, 10, 0.007643856906566895, -0.0063538209130168735, 0.5961506951871847, 0, 0, 0]
['9dm\r\n', 12.536543130874634, 0, -7, 10, 0.004863685484374769, 0.01232945228997015, 0.5977193287294675, 0, 0, 0]
['9dm\r\n', 12.833411931991577, 0, -13, 10, 0.002843638176041448, 0.022732664982694026, 0.5858678004302349, 0, 0, 0]
['9dm\r\n', 13.130275964736938, 0, -14, 10, 0.001075659308503181, 0.024759488851895058, 0.5724620331035255, 0, 0, 0]
['9dm\r\n', 13.442765951156616, 0, -12, 10, -0.0024590373996088086, 0.02044365508887938, 0.5646424703474691, 0, 0, 0]
['9dm\r\n', 13.724008798599243, 0, -8, 10, -0.006536080789191517, 0.014399041258576679, 0.5622801463871328, 0, 0, 0]
['9dm\r\n', 14.005247354507446, -1, -6, 10, -0.009493455477722845, 0.010354711141298493, 0.5397925164308643, 0, 0, 0]
['9dm\r\n', 14.302112340927124, -1, -4, 10, -0.012999682456288339, 0.007571705743639932, 0.5280450905554885, 0, 0, 0]
['9dm\r\n', 14.567732810974121, -1, -4, 10, -0.015910381108851394, 0.007854254180058133, 0.5169914225687182, 0, 0, 0]
['9dm\r\n', 14.848971128463745, -2, -4, 10, -0.018549427611117546, 0.008003780359830633, 0.5153720060410389, 0, 0, 0]
['9dm\r\n', 15.13021469116211, -2, -6, 10, -0.019770578029401395, 0.010585915617022663, 0.4968572396282676, 0, 0, 0]
['9dm\r\n', 15.427079677581787, -2, -8, 10, -0.023027817247471334, 0.013541775569412984, 0.4997188558217048, 0, 0, 0]
['9dm\r\n', 15.67707085609436, -2, -10, 10, -0.02334775251014249, 0.017325372453704795, 0.4799931767339634, 0, 0, 0]
['9dm\r\n', 15.927064657211304, -3, -11, 10, -0.02556998829991946, 0.01962346622964016, 0.47761584755211267, 0, 0, 0]
['9dm\r\n', 16.195371866226196, -3, -12, 9, -0.02691415038283785, 0.021578774179373875, 0.4577728328734672, 0, 0, 0]
['9dm\r\n', 16.449408292770386, -3, -13, 9, -0.02875479829827194, 0.021959823733476012, 0.44372829233192396, 0, 0, 0]
['9dm\r\n', 16.7150239944458, -3, -13, 9, -0.030318595456353202, 0.021941617198553174, 0.43162773960692763, 0, 0, 0]
['9dm\r\n', 16.965019702911377, -3, -11, 9, -0.03205019702697969, 0.01913034625663268, 0.4221431756062612, 0, 0, 0]
['8dm\r\n', 17.23063588142395, -3, -9, 9, -0.03202881884265369, 0.016578347997704825, 0.4067472313858083, 0, 0, 0]
['8dm\r\n', 17.496256828308105, -3, -6, 8, -0.03233172726236933, 0.011254028532176313, 0.39310145193103124, 0, 0, 0]
['8dm\r\n', 17.73061966896057, -3, -4, 8, -0.03220099698644547, 0.008009841718523328, 0.3759093368940149, 0, 0, 0]
['8dm\r\n', 17.96498703956604, -3, -2, 8, -0.0330690598954465, 0.00498557214816106, 0.37788625111516577, 0, 0, 0]
['8dm\r\n', 18.24896502494812, -3, -1, 8, -0.032699430973860834, 0.00246382938602889, 0.3645390791725129, 0, 0, 0]
['8dm\r\n', 18.48333191871643, -3, 0, 8, -0.03312701648851051, 4.321955821424278e-05, 0.35683107859680413, 0, 0, 0]
['8dm\r\n', 18.73332452774048, -4, 0, 8, -0.03433906142778934, -1.3191732758072172e-05, 0.3479491266349301, 0, 0, 0]
['8dm\r\n', 18.967691898345947, -4, -1, 8, -0.03523774284359427, 0.0021571385497578185, 0.3441256479782097, 0, 0, 0]
['8dm\r\n', 19.264559030532837, -4, -3, 7, -0.037029306067007446, 0.00548557298554412, 0.33894701558895063, 0, 0, 0]
['8dm\r\n', 19.49892568588257, -4, -6, 7, -0.036860409310505764, 0.01070464213731057, 0.32556752859709487, 0, 0, 0]
['8dm\r\n', 19.748916625976562, -4, -8, 7, -0.037292937341353284, 0.013615296185752013, 0.32145289598083654, 0, 0, 0]
['8dm\r\n', 19.983285188674927, -4, -10, 7, -0.03591964098296672, 0.01667049550997581, 0.30804972176122064, 0, 0, 0]
['8dm\r\n', 20.245744705200195, -4, -10, 7, -0.03560897279508592, 0.017333671988132442, 0.31124372468253586, 0, 0, 0]
['8dm\r\n', 20.46449065208435, -4, -9, 7, -0.033771301266048874, 0.01572889917927338, 0.29528377522474997, 0, 0, 0]
['8dm\r\n', 20.698859930038452, -3, -8, 7, -0.03271148942792724, 0.01437485557569513, 0.2884877210266222, 0, 0, 0]
['8dm\r\n', 20.94884943962097, -3, -7, 7, -0.031033186981335288, 0.011854002041473344, 0.28343374160383744, 0, 0, 0]
['8dm\r\n', 21.183223962783813, -3, -5, 6, -0.028678382675518248, 0.009331161366610333, 0.27283918883979213, 0, 0, 0]
['8dm\r\n', 21.433218240737915, -3, -4, 6, -0.027371343506920352, 0.0071536653212197, 0.2670098234377903, 0, 0, 0]
['8dm\r\n', 21.66757845878601, -3, -4, 6, -0.027177947319170483, 0.0066783487364188154, 0.2629495378463442, 0, 0, 0]
['8dm\r\n', 21.901944875717163, -3, -4, 6, -0.02644272232121809, 0.006819468030328173, 0.25308621367671796, 0, 0, 0]
['8dm\r\n', 22.276936292648315, -3, -4, 6, -0.025670517677107506, 0.007735581399007541, 0.23995391282281348, 0, 0, 0]
['8dm\r\n', 22.63629651069641, -3, -6, 6, -0.028145183695472108, 0.010520584141326731, 0.2260671844479885, 0, 0, 0]
['8dm\r\n', 22.855042457580566, -3, -8, 5, -0.028646027151927538, 0.014671255574181943, 0.21838372742853546, 0, 0, 0]
['8dm\r\n', 23.105031728744507, -3, -11, 5, -0.02931465555705557, 0.019813821359106264, 0.21111900591703753, 0, 0, 0]
['8dm\r\n', 23.338425159454346, -3, -14, 5, -0.02920099333980599, 0.023639253053811385, 0.20005486470315864, 0, 0, 0]
['8dm\r\n', 23.572789669036865, -3, -15, 5, -0.02923738043584672, 0.02568128348879126, 0.19945089416723244, 0, 0, 0]
['8dm\r\n', 23.79153561592102, -3, -15, 5, -0.027995602029767593, 0.025153865563145493, 0.19387616766823834, 0, 0, 0]
['8dm\r\n', 24.104023218154907, -3, -12, 5, -0.026638483992609853, 0.020356844091581977, 0.1921353904614142, 0, 0, 0]
['7dm\r\n', 24.338390827178955, -3, -9, 5, -0.025913126713795386, 0.01594934220602228, 0.18946350069836027, 0, 0, 0]
['7dm\r\n', 24.557136297225952, -3, -7, 5, -0.02535292466583256, 0.011741378222847987, 0.1845355757746054, 0, 0, 0]
['7dm\r\n', 24.775879859924316, -2, -4, 5, -0.02477778209375319, 0.008038528993482327, 0.18623324394084873, 0, 0, 0]
['7dm\r\n', 25.01024866104126, -2, -4, 5, -0.02358922829027526, 0.007047281219631711, 0.18501301236942735, 0, 0, 0]
['7dm\r\n', 25.260239362716675, -2, -3, 5, -0.022276778741068426, 0.005857232036805042, 0.18136829627848927, 0, 0, 0]
['7dm\r\n', 25.497346878051758, -2, -4, 5, -0.021193076798518624, 0.00819832462422479, 0.17732137462054376, 0, 0, 0]
['7dm\r\n', 25.71608805656433, -2, -6, 5, -0.020687624553012894, 0.010428823494279697, 0.1752613490040022, 0, 0, 0]
['7dm\r\n', 25.95045518875122, -2, -8, 5, -0.019842940296642353, 0.013700130083226944, 0.16993676874278668, 0, 0, 0]
['7dm\r\n', 26.27857255935669, -2, -10, 5, -0.0185646965206551, 0.016706495854921195, 0.16279881622997427, 0, 0, 0]
['7dm\r\n', 26.684807300567627, -1, -11, 4, -0.013366036827014385, 0.019327051854019162, 0.14076681450953082, 0, 0, 0]
['7dm\r\n', 26.95042324066162, -1, -10, 4, -0.011924498169730686, 0.01782259904073793, 0.1288957214216071, 0, 0, 0]
['7dm\r\n', 27.1691677570343, -1, -9, 4, -0.011260409205816543, 0.015937423162039995, 0.11924732507176466, 0, 0, 0]
['7dm\r\n', 27.40353298187256, -1, -8, 4, -0.009831686805954365, 0.01449267894512754, 0.10945171937976594, 0, 0, 0]
['7dm\r\n', 27.637900590896606, 0, -7, 3, -0.007415037995360772, 0.01314678136514737, 0.09921793630853232, 0, 0, 0]
['7dm\r\n', 27.872269868850708, 0, -7, 3, -0.0039059521210874706, 0.01192982118415684, 0.0921676294664942, 0, 0, 0]
['7dm\r\n', 28.122260332107544, 0, -6, 3, 0.00010821612662677976, 0.010227252662072896, 0.0834719785025132, 0, 0, 0]
['7dm\r\n', 28.325381755828857, 0, -6, 3, 0.0029600001797063305, 0.01044235627303245, 0.07440029435229772, 0, 0, 0]
['7dm\r\n', 28.60662293434143, 0, -6, 3, 0.004909998786642278, 0.0113831742395528, 0.06747480056050409, 0, 0, 0]
['7dm\r\n', 28.8722403049469, 0, -8, 3, 0.006931520281078678, 0.014257774416884871, 0.057952599253504655, 0, 0, 0]
['7dm\r\n', 29.13785457611084, 0, -9, 3, 0.006975234919511374, 0.015520098466278331, 0.05471781406063847, 0, 0, 0]
['7dm\r\n', 29.356598377227783, 0, -9, 3, 0.005919415601200559, 0.015262972308408555, 0.05302900306425118, 0, 0, 0]
['7dm\r\n', 29.590967178344727, 0, -8, 3, 0.004993269093204612, 0.014800914259627589, 0.04640213368900015, 0, 0, 0]
['7dm\r\n', 29.825334072113037, 0, -8, 2, 0.0044403501760660324, 0.013546604709537037, 0.04277848410692647, 0, 0, 0]
['7dm\r\n', 30.075332164764404, 0, -7, 2, 0.0039195012478391855, 0.013167419198050714, 0.03707650264456769, 0, 0, 0]
['7dm\r\n', 30.325319051742554, 0, -8, 2, 0.0035733597219330046, 0.013563369189556577, 0.03130401082246348, 0, 0, 0]
['7dm\r\n', 30.540895700454712, 0, -8, 2, 0.0029379732245271017, 0.01358254225507153, 0.03226231019367293, 0, 0, 0]
['7dm\r\n', 30.759639024734497, 0, -8, 2, 0.0026040435905157894, 0.013796711416733571, 0.03288228025856116, 0, 0, 0]
['7dm\r\n', 31.02525568008423, 0, -7, 2, 0.0013862409105458856, 0.013235623997932992, 0.03651799043115417, 0, 0, 0]
['7dm\r\n', 31.290873527526855, 0, -6, 3, 0.0009202897008681182, 0.010854492306472383, 0.04127713666379135, 0, 0, 0]
['7dm\r\n', 31.493993759155273, 0, -5, 3, 0.0015697896222709798, 0.00899420031267419, 0.04611437301285848, 0, 0, 0]
['7dm\r\n', 31.728362321853638, 0, -3, 3, 0.0031543916274361233, 0.006196449872290531, 0.04990279935809622, 0, 0, 0]
['7dm\r\n', 31.962728023529053, 0, -2, 3, 0.0037883850373452987, 0.004935653791294695, 0.050946769977604334, 0, 0, 0]
['7dm\r\n', 32.1971001625061, 0, -2, 3, 0.003581623252025934, 0.0038122536552136904, 0.05398672547271166, 0, 0, 0]
['7dm\r\n', 32.44758605957031, 0, -1, 3, 0.004719670422845053, 0.003247858273237224, 0.053988994885140196, 0, 0, 0]
['7dm\r\n', 32.65070462226868, 0, -1, 3, 0.0051804717221924645, 0.0025438634641477206, 0.05801915498246901, 0, 0, 0]
['7dm\r\n', 32.86944913864136, 0, 0, 3, 0.004849213483019997, 0.001507334044466735, 0.060235498919255226, 0, 0, 0]
['7dm\r\n', 33.119438886642456, 0, -1, 3, 0.005827501299970124, 0.0018055778044999485, 0.05919528150420994, 0, 0, 0]
['7dm\r\n', 33.338181257247925, 0, -1, 3, 0.007403402133535776, 0.002999920013683592, 0.05751252704416676, 0, 0, 0]
['7dm\r\n', 33.55692672729492, 1, -3, 3, 0.009269584482263601, 0.005699960791836732, 0.05443457802231855, 0, 0, 0]
['7dm\r\n', 33.8225417137146, 1, -5, 3, 0.013657013406857911, 0.009117093420921634, 0.05122224554604382, 0, 0, 0]
['7dm\r\n', 34.056910276412964, 2, -6, 3, 0.017822066168846327, 0.010561169537903436, 0.05043859074286461, 0, 0, 0]

split

['7dm\r\n', 34.32252550125122, 2, -6, 3, 0, 0, 0, 0, 0, 0]
['7dm\r\n', 0.12499594688415527, 2, -6, 3, 0, 0, 0, 0, 0, 0]
['7dm\r\n', 0.23436903953552246, -4, -14, 10, 0, 0, 0, -0.09557467285669446, 0.17508029392255967, 1.5757897199953828]
['7dm\r\n', 0.3749887943267822, -3, -11, 10, 0, 0, 0, -0.0917827231301455, 0.17577217198024372, 1.516620695665973]
['7dm\r\n', 0.4843595027923584, -3, -11, 10, 0, 0, 0, -0.09264263385730497, 0.17801734689372115, 1.5758313589256951]
['7dm\r\n', 0.609358549118042, -3, -11, 9, 0, 0, 0, -0.08649500398361096, 0.1791307392652612, 1.51270756130505]
['7dm\r\n', 0.7343511581420898, -3, -11, 10, 0, 0, 0, -0.08316997505712441, 0.1800235526149331, 1.5161519676866206]
['7dm\r\n', 0.8749816417694092, -3, -11, 10, 0, 0, 0, -0.07768679387354666, 0.18216749832359605, 1.5205218136259089]
['7dm\r\n', 0.9999678134918213, -2, -12, 10, 0, 0, 0, -0.07064879823187951, 0.1863928858385735, 1.5204283752553192]
['7dm\r\n', 1.1263089179992676, -2, -12, 9, 0, 0, 0, -0.0599040792911493, 0.19318394916521375, 1.4777576148541223]
['7dm\r\n', 1.2356781959533691, -2, -13, 10, 0, 0, 0, -0.05125194739491403, 0.19987306880692302, 1.4674660275827256]
['7dm\r\n', 1.3762972354888916, -1, -13, 10, 0, 0, 0, -0.03903204281761826, 0.20561273431739382, 1.4755091220729204]
['7dm\r\n', 1.5481643676757812, 0, -13, 8, 0, 0, 0, -0.022541548686554155, 0.20547214780952955, 1.3862126168541051]
['7dm\r\n', 1.7044124603271484, 0, -13, 8, 0, 0, 0, -0.013520555923726104, 0.20243215776175716, 1.3346244511476977]
['7dm\r\n', 1.8450393676757812, 0, -12, 8, 0, 0, 0, -0.006553451764421784, 0.19258145898458076, 1.303892139586645]
['7dm\r\n', 2.0169081687927246, 0, -11, 7, 0, 0, 0, -0.003749712675441454, 0.17403056476939138, 1.2306461565934785]
['6dm\r\n', 2.3450188636779785, 0, -8, 7, 0, 0, 0, -0.009261719756171929, 0.14429327940221823, 1.1634895806654548]
['6dm\r\n', 2.470019817352295, 0, -8, 8, 0, 0, 0, -0.013799397569190167, 0.1342058999820769, 1.161887496077308]
['6dm\r\n', 2.5793850421905518, 0, -8, 7, 0, 0, 0, -0.016796797325167943, 0.12735713854822156, 1.0937890927966671]
['6dm\r\n', 2.7668802738189697, -1, -8, 7, 0, 0, 0, -0.022965999196867353, 0.12511624522844403, 1.1005870680109202]
['6dm\r\n', 2.9075000286102295, -1, -8, 6, 0, 0, 0, -0.029125866927763127, 0.1256134099273791, 1.0400907847802847]
['6dm\r\n', 3.063744068145752, -1, -8, 6, 0, 0, 0, -0.03453748246549486, 0.12925060528496427, 0.9870824562434499]
['6dm\r\n', 3.1887407302856445, -1, -8, 7, 0, 0, 0, -0.04309346569505155, 0.13309888808944254, 0.99261283859292]
['6dm\r\n', 3.298114538192749, -1, -8, 6, 0, 0, 0, -0.04600422106072269, 0.13629824047025055, 0.9409948677042435]
['6dm\r\n', 3.469980478286743, -2, -9, 6, 0, 0, 0, -0.05087103911004431, 0.14121062253928915, 0.9169579718707128]
['6dm\r\n', 3.594979763031006, -2, -9, 6, 0, 0, 0, -0.052250760833539966, 0.14368060034594568, 0.8959636178724466]
['6dm\r\n', 3.704353094100952, -2, -9, 5, 0, 0, 0, -0.051951966827411565, 0.14367548595265148, 0.8623893688003372]
['6dm\r\n', 3.8918421268463135, -2, -9, 6, 0, 0, 0, -0.05363758297244032, 0.14115157877467313, 0.8596350301861491]
['6dm\r\n', 4.016839265823364, -2, -8, 6, 0, 0, 0, -0.057203183706720076, 0.1357971869748216, 0.8596100849210235]
['6dm\r\n', 4.110587120056152, -2, -8, 5, 0, 0, 0, -0.05794502474865221, 0.13265575286294579, 0.8244111278227124]
['6dm\r\n', 4.266832590103149, -2, -8, 5, 0, 0, 0, -0.06102753546187814, 0.12674307429069875, 0.7862131735691251]
['6dm\r\n', 4.407458305358887, -2, -8, 5, 0, 0, 0, -0.0618725584140863, 0.12570441957877318, 0.788930812050892]
['6dm\r\n', 4.516825199127197, -2, -8, 5, 0, 0, 0, -0.06504509625748132, 0.12507930343975424, 0.7856881695172433]
['6dm\r\n', 4.673074960708618, -2, -8, 5, 0, 0, 0, -0.06061577339648614, 0.1283110912607393, 0.749721514775691]
['6dm\r\n', 4.813695669174194, -2, -8, 5, 0, 0, 0, -0.05331553802819552, 0.13390827311248105, 0.7327330741335856]
['6dm\r\n', 4.969934940338135, -1, -8, 4, 0, 0, 0, -0.04506695010136936, 0.13509726667057723, 0.7015936888734997]
['6dm\r\n', 5.141809940338135, -1, -8, 4, 0, 0, 0, -0.033952217838968124, 0.13011728464559694, 0.6749269554307109]
['6dm\r\n', 5.3292975425720215, -1, -7, 4, 0, 0, 0, -0.033908487853752854, 0.11918746332078868, 0.6641046126560674]
['6dm\r\n', 5.438669204711914, -1, -7, 4, 0, 0, 0, -0.036508652163572686, 0.11506628839153377, 0.6380081825356877]
['6dm\r\n', 5.579291343688965, -1, -7, 4, 0, 0, 0, -0.038963917745862976, 0.113952123852798, 0.613348241770445]
['6dm\r\n', 5.735536575317383, -1, -7, 4, 0, 0, 0, -0.041481634635310044, 0.11512131309916541, 0.5781218826431083]
['6dm\r\n', 5.907406330108643, -1, -8, 4, 0, 0, 0, -0.04452701212098554, 0.12316599037536259, 0.5546452480624807]
['6dm\r\n', 6.04802393913269, -1, -8, 3, 0, 0, 0, -0.04552523957671241, 0.12840378951832548, 0.526402966379138]
['6dm\r\n', 6.188649415969849, -2, -8, 3, 0, 0, 0, -0.046773068027674024, 0.13097235348526093, 0.49996357767227373]
['6dm\r\n', 6.329265117645264, -2, -8, 3, 0, 0, 0, -0.06153993894323176, 0.1295845476476246, 0.493108442333131]
['6dm\r\n', 6.454269886016846, -3, -8, 3, 0, 0, 0, -0.07694445504611365, 0.13121025940683698, 0.4745988043127356]
['6dm\r\n', 6.579259872436523, -3, -8, 3, 0, 0, 0, -0.08941095475250511, 0.13369108032285779, 0.4595261145085612]
['6dm\r\n', 6.673009872436523, -4, -8, 3, 0, 0, 0, -0.09706447955959795, 0.13583771903591663, 0.45571843256626765]
['6dm\r\n', 6.829250335693359, -4, -9, 3, 0, 0, 0, -0.10976577722532427, 0.13944188934044383, 0.4291655069162086]
['6dm\r\n', 6.969871759414673, -4, -9, 3, 0, 0, 0, -0.1154761807134299, 0.14125826089365517, 0.4149104754022128]
['6dm\r\n', 7.079242944717407, -5, -9, 3, 0, 0, 0, -0.11917332596071602, 0.14441624241987314, 0.40629496348224214]
['6dm\r\n', 7.172991037368774, -5, -9, 3, 0, 0, 0, -0.12141460602331505, 0.1483092179719864, 0.4070196422461454]
['6dm\r\n', 7.309969425201416, -5, -10, 3, 0, 0, 0, -0.11905210235713423, 0.15478488438098476, 0.39563419005952916]
['6dm\r\n', 7.419344425201416, -4, -10, 3, 0, 0, 0, -0.11745502665460868, 0.16210657606589066, 0.3846796303496055]
['6dm\r\n', 7.544339656829834, -4, -11, 3, 0, 0, 0, -0.11085051733882378, 0.16632995624140598, 0.38151131592621657]
['6dm\r\n', 7.638092756271362, -4, -11, 3, 0, 0, 0, -0.10571198094414135, 0.16834397148337782, 0.38108265710298184]
['6dm\r\n', 7.809962749481201, -3, -11, 3, 0, 0, 0, -0.09187508989335177, 0.17364764644749872, 0.3848791829747831]
['6dm\r\n', 7.966198444366455, -3, -11, 3, 0, 0, 0, -0.07732173228725771, 0.17506512224314769, 0.38094182060251824]
['6dm\r\n', 8.106820821762085, -2, -11, 3, 0, 0, 0, -0.06311055732208667, 0.1796370984119231, 0.3743156947104864]
['6dm\r\n', 8.263064861297607, -2, -11, 3, 0, 0, 0, -0.04930487377606295, 0.18119432019777712, 0.3838947655442453]
['6dm\r\n', 8.419312715530396, -1, -11, 3, 0, 0, 0, -0.03518649557069907, 0.17862828855912496, 0.3852442891480923]
['6dm\r\n', 8.544307947158813, -1, -11, 3, 0, 0, 0, -0.028094095333998852, 0.1768734539712476, 0.39121467860797887]
['6dm\r\n', 8.716175079345703, 0, -11, 3, 0, 0, 0, -0.013091707999907113, 0.17626250494345524, 0.3987191172052392]
['6dm\r\n', 8.872430562973022, 0, -11, 3, 0, 0, 0, -0.005394602334803298, 0.17628075670366725, 0.4123656213324829]
['6dm\r\n', 9.013048887252808, 0, -11, 3, 0, 0, 0, 0.005946717743213602, 0.17349032368591516, 0.4250734427472821]
['6dm\r\n', 9.153664827346802, 0, -11, 3, 0, 0, 0, 0.009117112840330796, 0.16923419568596137, 0.42661270676605034]
['5dm\r\n', 9.372406721115112, 0, -10, 3, 0, 0, 0, 0.016804678319319474, 0.16123808591273533, 0.4186157394801072]
['5dm\r\n', 9.513027429580688, 1, -10, 3, 0, 0, 0, 0.029714566564231965, 0.15926063267694818, 0.41305080923564463]
['5dm\r\n', 9.669275760650635, 1, -10, 3, 0, 0, 0, 0.037981412827238596, 0.15857892451353284, 0.4031612429142324]
['5dm\r\n', 9.872390508651733, 1, -10, 3, 0, 0, 0, 0.040759060470590934, 0.15789300732704634, 0.39601225553623565]
['5dm\r\n', 10.044266939163208, 1, -10, 3, 0, 0, 0, 0.03699883155195669, 0.15704691287859715, 0.38152993401256985]
['5dm\r\n', 10.184880256652832, 1, -10, 3, 0, 0, 0, 0.03332283205250832, 0.15917114017019515, 0.36600846154296096]
['5dm\r\n', 10.363146543502808, 1, -10, 3, 0, 0, 0, 0.031168223438969078, 0.16083277300983392, 0.3524863533316578]
['5dm\r\n', 10.550639867782593, 1, -10, 3, 0, 0, 0, 0.027254115731460492, 0.16015639837657866, 0.3409883278360496]
['5dm\r\n', 10.831882238388062, 0, -9, 3, 0, 0, 0, 0.01674599621577666, 0.14601238038685102, 0.34928144728068355]
['5dm\r\n', 10.95688533782959, 0, -9, 3, 0, 0, 0, 0.014821367817487944, 0.13735216665022265, 0.34910937216160354]
['5dm\r\n', 11.17562222480774, 0, -8, 3, 0, 0, 0, 0.016736837450097044, 0.12360968358225277, 0.3475795083846589]
['5dm\r\n', 11.363114356994629, 0, -7, 2, 0, 0, 0, 0.018973523949499024, 0.11083683925167898, 0.3211069985259263]
['5dm\r\n', 11.51936149597168, 0, -6, 2, 0, 0, 0, 0.02043471567825794, 0.0991405813881093, 0.3036204249423654]
['5dm\r\n', 11.706856489181519, 0, -5, 2, 0, 0, 0, 0.018254651234877968, 0.08895884425494015, 0.2890433957832712]
['5dm\r\n', 11.847484588623047, 0, -5, 2, 0, 0, 0, 0.013238547035008156, 0.08300447431460281, 0.27307303947439265]
['5dm\r\n', 12.003724098205566, 0, -5, 2, 0, 0, 0, 0.008102667874551687, 0.08003544449436653, 0.259779292070754]
['5dm\r\n', 12.14434289932251, 0, -5, 2, 0, 0, 0, 0.004396993115258016, 0.08386832861134406, 0.25520484177551006]
['5dm\r\n', 12.300586223602295, 0, -6, 2, 0, 0, 0, 0.0027840070129238896, 0.08878061745593943, 0.2578222507795097]
['5dm\r\n', 12.509706497192383, 0, -6, 2, 0, 0, 0, -0.003131183951941083, 0.09922641595778281, 0.2645794902208728]
['5dm\r\n', 12.665951013565063, 0, -7, 2, 0, 0, 0, -0.00972016526101475, 0.1030437904071115, 0.26895310800255623]
['5dm\r\n', 12.837822198867798, 0, -7, 3, 0, 0, 0, -0.01615653358889577, 0.11020736371960696, 0.276761029509608]
['5dm\r\n', 12.962818384170532, 0, -8, 2, 0, 0, 0, -0.016666701900854387, 0.11838688379990052, 0.2724398258618791]
['5dm\r\n', 13.11906099319458, 0, -8, 3, 0, 0, 0, -0.01536088154071181, 0.12560281694895117, 0.27620218641521677]
['5dm\r\n', 13.25968313217163, 0, -8, 3, 0, 0, 0, -0.011247298715954873, 0.12900246785522107, 0.27614019263301337]
['5dm\r\n', 13.478428602218628, 0, -8, 3, 0, 0, 0, -0.0006254136657634423, 0.12874554015427161, 0.29840984610976784]
['5dm\r\n', 13.650295734405518, 0, -8, 3, 0, 0, 0, 0.007048737426819866, 0.12621828834274879, 0.30444363348990533]
['5dm\r\n', 13.790924072265625, 0, -7, 3, 0, 0, 0, 0.017129543829381748, 0.11769543028188709, 0.31999724178599465]
['5dm\r\n', 13.962787628173828, 1, -7, 3, 0, 0, 0, 0.030293392291482882, 0.10893061515220767, 0.3296013465934845]
['5dm\r\n', 14.134662866592407, 2, -6, 3, 0, 0, 0, 0.04569224301482553, 0.09581012211123668, 0.32739471481443483]
['5dm\r\n', 14.322150945663452, 2, -5, 3, 0, 0, 0, 0.057651253169992304, 0.08711589512760295, 0.3259469119585472]
['5dm\r\n', 14.503323316574097, 2, -5, 3, 0, 0, 0, 0.06793622185264923, 0.08228571564287908, 0.32468884292376576]
['5dm\r\n', 14.643938541412354, 3, -5, 3, 0, 0, 0, 0.07894400833007528, 0.07950243723262113, 0.3160833214053469]
['5dm\r\n', 14.80018138885498, 3, -5, 3, 0, 0, 0, 0.08740808767813202, 0.0772189822218969, 0.3157862531486846]
['5dm\r\n', 14.987675189971924, 4, -5, 3, 0, 0, 0, 0.09756184091259917, 0.07588665684805994, 0.2992510294290496]
['5dm\r\n', 15.097049951553345, 4, -4, 3, 0, 0, 0, 0.10242257323498832, 0.07078254273159672, 0.3022839067428401]
['5dm\r\n', 15.26891827583313, 4, -4, 3, 0, 0, 0, 0.10709073500278424, 0.0644877818047725, 0.28213522448556094]
['5dm\r\n', 15.440792083740234, 4, -3, 3, 0, 0, 0, 0.11039853290529181, 0.05309041800018076, 0.27061912807533106]
['5dm\r\n', 15.565782070159912, 4, -3, 3, 0, 0, 0, 0.10990455055128744, 0.04822493507754716, 0.26155928985117693]
['5dm\r\n', 15.70640516281128, 4, -3, 2, 0, 0, 0, 0.1033566254631712, 0.04519481616244933, 0.2491770571580858]
['5dm\r\n', 15.909522771835327, 4, -3, 2, 0, 0, 0, 0.09877087625870679, 0.04730118133126536, 0.24321834797050412]
['5dm\r\n', 16.018893241882324, 4, -3, 3, 0, 0, 0, 0.09742516656784686, 0.049476300923616295, 0.25015926365607977]
['5dm\r\n', 16.17514395713806, 3, -4, 2, 0, 0, 0, 0.09215214654860451, 0.06286114783849112, 0.23396507824096235]
['5dm\r\n', 16.347015380859375, 3, -5, 3, 0, 0, 0, 0.09253573828879645, 0.07272552208148535, 0.23690277235215723]
['5dm\r\n', 16.467755794525146, 4, -6, 2, 0, 0, 0, 0.09421111406260582, 0.08232978791854371, 0.23158300059642573]
['5dm\r\n', 16.577134132385254, 4, -6, 2, 0, 0, 0, 0.09772332089314077, 0.08660797071303064, 0.22690165005104518]
['5dm\r\n', 16.74900484085083, 4, -6, 2, 0, 0, 0, 0.10765221526629777, 0.09100632326010397, 0.22397058518409935]
['5dm\r\n', 16.936493396759033, 5, -6, 3, 0, 0, 0, 0.12016691084572047, 0.08917073947063198, 0.23393138838800204]
['5dm\r\n', 17.12398648262024, 5, -6, 3, 0, 0, 0, 0.1299979474218308, 0.08517221920807053, 0.2432945319308502]
['5dm\r\n', 17.264606952667236, 6, -5, 3, 0, 0, 0, 0.1416514122591817, 0.08391288576319064, 0.2543839184393163]
['5dm\r\n', 17.405226707458496, 6, -5, 3, 0, 0, 0, 0.15240385162024708, 0.0834224796429022, 0.2711760571552896]
['5dm\r\n', 17.592727184295654, 7, -5, 3, 0, 0, 0, 0.16259822906366433, 0.08007663963795573, 0.28022159106739564]
['5dm\r\n', 17.81146478652954, 7, -5, 3, 0, 0, 0, 0.17280272090974982, 0.07495159342271684, 0.29930578785384065]
['5dm\r\n', 18.03020668029785, 7, -5, 4, 0, 0, 0, 0.17548804337455715, 0.07499311546738022, 0.31882789599786987]
['5dm\r\n', 18.170830011367798, 7, -5, 3, 0, 0, 0, 0.1718713537752573, 0.07685436733679321, 0.3187624718136812]
['5dm\r\n', 18.34270477294922, 7, -5, 4, 0, 0, 0, 0.17073865178206624, 0.07598476258645709, 0.32907411890414484]
['5dm\r\n', 18.45263934135437, 7, -5, 4, 0, 0, 0, 0.170781008659519, 0.07643992254773786, 0.3348302288136521]
['5dm\r\n', 18.57763671875, 7, -5, 3, 0, 0, 0, 0.16852896310573023, 0.08067155637455954, 0.3285641146094427]
['5dm\r\n', 18.74950408935547, 7, -6, 3, 0, 0, 0, 0.1647722485703987, 0.09050069593940227, 0.32186902180548704]
['5dm\r\n', 18.921374797821045, 6, -6, 4, 0, 0, 0, 0.15939077510972008, 0.09425382089328281, 0.33093324031095595]
['5dm\r\n', 19.124496936798096, 6, -7, 3, 0, 0, 0, 0.14466094449844513, 0.10337502669537946, 0.3253139760571365]
['5dm\r\n', 19.311988592147827, 6, -8, 4, 0, 0, 0, 0.13846976014759477, 0.11328152768433722, 0.3225692776129724]
['5dm\r\n', 19.45260500907898, 5, -8, 4, 0, 0, 0, 0.13490243927389117, 0.11924619727469525, 0.3231324011836233]
['5dm\r\n', 19.608851671218872, 5, -8, 4, 0, 0, 0, 0.12710869412449818, 0.1191288122988384, 0.3199209705753341]
['5dm\r\n', 19.79634428024292, 5, -8, 3, 0, 0, 0, 0.1173290856000773, 0.11482738271894045, 0.3130792514999441]
['5dm\r\n', 19.9838387966156, 4, -7, 3, 0, 0, 0, 0.10274881157059954, 0.1104815490031476, 0.27188284972626664]
['5dm\r\n', 20.124467372894287, 4, -7, 3, 0, 0, 0, 0.09621397844304834, 0.11050991515636906, 0.2551549939057849]
['5dm\r\n', 20.265088081359863, 3, -7, 3, 0, 0, 0, 0.08351674935832543, 0.10841640847130818, 0.2269316995155033]
['5dm\r\n', 20.45257329940796, 3, -7, 3, 0, 0, 0, 0.07025656040289285, 0.10410377920977379, 0.1987436240904087]
['5dm\r\n', 20.577571868896484, 2, -7, 3, 0, 0, 0, 0.059507978761035044, 0.10140721661223702, 0.18956794060690374]
['5dm\r\n', 20.749442100524902, 2, -7, 3, 0, 0, 0, 0.05395247905706709, 0.10045027352580445, 0.19530977227194002]
['5dm\r\n', 20.90568470954895, 2, -7, 3, 0, 0, 0, 0.051010507629075906, 0.09969685956445341, 0.20573756580823133]
['5dm\r\n', 21.03068256378174, 2, -7, 3, 0, 0, 0, 0.048323884831960436, 0.09861905707374242, 0.21277744441667817]
['5dm\r\n', 21.202553033828735, 2, -6, 3, 0, 0, 0, 0.04870239121975679, 0.0927550059311296, 0.21828075582324818]
['5dm\r\n', 21.34317636489868, 2, -6, 3, 0, 0, 0, 0.05630409967742596, 0.08734746059677853, 0.21900081494744916]
['5dm\r\n', 21.49650001525879, 3, -6, 3, 0, 0, 0, 0.06430291563905959, 0.08376035311646633, 0.21073177074179278]
['5dm\r\n', 21.63712215423584, 3, -5, 3, 0, 0, 0, 0.07356572881426936, 0.0788463278043693, 0.20456959347948717]
['5dm\r\n', 21.840248584747314, 3, -5, 3, 0, 0, 0, 0.0788618585644865, 0.06901657543037881, 0.1948894795759024]
['5dm\r\n', 21.99648666381836, 4, -4, 3, 0, 0, 0, 0.0846092257778581, 0.053234051252557424, 0.18813872331964082]
['5dm\r\n', 22.183976888656616, 4, -2, 3, 0, 0, 0, 0.09321747054078576, 0.03294791294718061, 0.16911234692909954]
['5dm\r\n', 22.340224504470825, 4, -1, 3, 0, 0, 0, 0.09915263396963092, 0.020209137506959657, 0.15124622646765484]
['5dm\r\n', 22.465227842330933, 4, -1, 3, 0, 0, 0, 0.09915263396963092, 0.020209137506959657, 0.15124622646765484]
['5dm\r\n', 22.605842351913452, 4, -1, 3, 0, 0, 0, 0.09915263396963092, 0.020209137506959657, 0.15124622646765484]
['5dm\r\n', 22.77771782875061, 4, -1, 3, 0, 0, 0, 0.09915263396963092, 0.020209137506959657, 0.15124622646765484]
['5dm\r\n', 22.918330669403076, 4, -1, 3, 0, 0, 0, 0.09915263396963092, 0.020209137506959657, 0.15124622646765484]
['5dm\r\n', 23.07457709312439, 4, -1, 3, 0, 0, 0, 0.09915263396963092, 0.020209137506959657, 0.15124622646765484]
['5dm\r\n', 23.230823516845703, 4, -3, 2, 0, 0, 0, 0.10317180292958149, 0.04079039198789579, 0.09502586983650768]
['5dm\r\n', 23.371445178985596, 4, -4, 2, 0, 0, 0, 0.10367391650964453, 0.053622092911954466, 0.09571376949282023]
['5dm\r\n', 23.52768611907959, 4, -5, 2, 0, 0, 0, 0.10520061491501273, 0.07082003467440466, 0.09522242813298482]
['5dm\r\n', 23.730804443359375, 5, -7, 2, 0, 0, 0, 0.10851270304163295, 0.09376827499483578, 0.09521604904695269]
['5dm\r\n', 23.918303728103638, 5, -8, 2, 0, 0, 0, 0.11143794491364103, 0.11184958718850907, 0.09865517619148462]
['5dm\r\n', 24.043301343917847, 5, -9, 3, 0, 0, 0, 0.11521933402881224, 0.12631843647056604, 0.1157152289360352]
['5dm\r\n', 24.199541568756104, 5, -9, 3, 0, 0, 0, 0.1178721741115375, 0.13498033087319602, 0.12756161627275608]
['5dm\r\n', 24.340163946151733, 5, -10, 3, 0, 0, 0, 0.12228015555154169, 0.14102483700156757, 0.14127693005550046]
['5dm\r\n', 24.480788707733154, 5, -10, 3, 0, 0, 0, 0.12588761347176378, 0.1437497990631386, 0.14655150990161103]
['5dm\r\n', 24.62140130996704, 6, -10, 3, 0, 0, 0, 0.1307443077297374, 0.14200883010380969, 0.1522794464643708]
['5dm\r\n', 24.777648210525513, 6, -9, 3, 0, 0, 0, 0.13375650211138065, 0.13685335634527102, 0.15217176830300483]
['5dm\r\n', 24.933891773223877, 6, -8, 3, 0, 0, 0, 0.1395462401999873, 0.12549673739986084, 0.1553694507904701]
['5dm\r\n', 25.058889389038086, 6, -8, 3, 0, 0, 0, 0.14357024496040008, 0.11533883782392271, 0.15646933073560126]
['5dm\r\n', 25.23075819015503, 6, -7, 3, 0, 0, 0, 0.14251181324884113, 0.10165945913012037, 0.14771573503894897]
['5dm\r\n', 25.37138032913208, 6, -6, 3, 0, 0, 0, 0.1404934393527512, 0.09199135677324807, 0.14702617173966048]
['5dm\r\n', 25.54324984550476, 6, -5, 3, 0, 0, 0, 0.13834954034123637, 0.07870884315894719, 0.15602938871221012]
['5dm\r\n', 25.66824460029602, 6, -5, 3, 0, 0, 0, 0.13762562816732088, 0.06978768900916119, 0.16662040131167305]
['5dm\r\n', 25.855738878250122, 6, -4, 3, 0, 0, 0, 0.1367973069935128, 0.06130031201775511, 0.18783986392086205]
['5dm\r\n', 26.027607679367065, 6, -5, 3, 0, 0, 0, 0.13396673122880073, 0.06103234326334234, 0.19457679636528125]
['5dm\r\n', 26.199476957321167, 6, -4, 3, 0, 0, 0, 0.1322255441244279, 0.060004070067040144, 0.20231240090231245]
['5dm\r\n', 26.340099334716797, 6, -4, 3, 0, 0, 0, 0.12827505857346055, 0.06009387293209094, 0.20168856584251693]
['5dm\r\n', 26.522763967514038, 5, -4, 3, 0, 0, 0, 0.12050971256155929, 0.05848507392633663, 0.19475986976493026]
['5dm\r\n', 26.647759914398193, 5, -4, 3, 0, 0, 0, 0.11691754097914725, 0.05653000699388891, 0.1912798419450611]
['5dm\r\n', 26.835262060165405, 5, -4, 3, 0, 0, 0, 0.11040690981302306, 0.0515441357408612, 0.18896231795421548]
['5dm\r\n', 26.975881338119507, 5, -4, 3, 0, 0, 0, 0.10728497289651891, 0.046972307930586404, 0.18708336165868217]
['5dm\r\n', 27.116497039794922, 5, -3, 3, 0, 0, 0, 0.10561695733424901, 0.04255380728345519, 0.18590428962762012]
['5dm\r\n', 27.3821120262146, 5, -3, 3, 0, 0, 0, 0.10186229753302271, 0.03661684135424556, 0.18042934367811786]
['5dm\r\n', 27.507108688354492, 4, -3, 3, 0, 0, 0, 0.09854688528325903, 0.03755756382132372, 0.17699972386323365]
['5dm\r\n', 27.678979635238647, 4, -3, 3, 0, 0, 0, 0.09328570269342185, 0.042068974696551256, 0.17018981056911614]
['5dm\r\n', 27.835222482681274, 4, -4, 3, 0, 0, 0, 0.08916926955493987, 0.04802890150062558, 0.16527469898238029]
['5dm\r\n', 28.007092475891113, 4, -4, 3, 0, 0, 0, 0.08769887721920029, 0.05611632758304168, 0.16561445629271876]
['5dm\r\n', 28.116466283798218, 4, -5, 3, 0, 0, 0, 0.08764882600433828, 0.06097030183266039, 0.16889725432695146]
['5dm\r\n', 28.210211038589478, 4, -5, 3, 0, 0, 0, 0.0868952638646977, 0.06675433883955112, 0.16955499787458095]
['5dm\r\n', 28.382079362869263, 4, -5, 3, 0, 0, 0, 0.08395580285274602, 0.07257774440730318, 0.16105466659577083]
['5dm\r\n', 28.55442976951599, 4, -6, 3, 0, 0, 0, 0.076620954966087, 0.07784188060499683, 0.15033122221138362]
['5dm\r\n', 28.695042848587036, 3, -6, 3, 0, 0, 0, 0.07112072461420868, 0.07985136790532846, 0.14363263607370602]
['5dm\r\n', 28.851287364959717, 3, -6, 3, 0, 0, 0, 0.06701958563286835, 0.08524498105905097, 0.14212345691901473]
['5dm\r\n', 29.007540464401245, 3, -6, 3, 0, 0, 0, 0.06455378770404847, 0.08831285101820154, 0.14255808923026647]
['5dm\r\n', 29.14815664291382, 3, -7, 3, 0, 0, 0, 0.06276319344356232, 0.08944115002742997, 0.14852050817422463]
['5dm\r\n', 29.35127329826355, 3, -7, 3, 0, 0, 0, 0.061804786448348636, 0.09035281665009356, 0.15189979238994006]
['5dm\r\n', 29.53876781463623, 3, -7, 3, 0, 0, 0, 0.06382926669608628, 0.09057389643637422, 0.154006940860349]
['5dm\r\n', 29.663764715194702, 3, -6, 4, 0, 0, 0, 0.06675127460911309, 0.08718062373164948, 0.16252641619950442]
['5dm\r\n', 29.80439066886902, 4, -6, 4, 0, 0, 0, 0.07119711214010321, 0.07976150987386639, 0.1691303612364229]
['5dm\r\n', 29.991878986358643, 4, -5, 4, 0, 0, 0, 0.07588815323154512, 0.07080065242362732, 0.18049693355382385]
['5dm\r\n', 30.148128986358643, 4, -5, 4, 0, 0, 0, 0.07936149122832102, 0.06334440272509224, 0.1890623394849491]
['5dm\r\n', 30.288748502731323, 4, -4, 4, 0, 0, 0, 0.08563872640816554, 0.05531613057964754, 0.1968730266106215]
['5dm\r\n', 30.44499135017395, 5, -4, 4, 0, 0, 0, 0.09343211010628742, 0.049121534088918964, 0.2013663185430395]
['5dm\r\n', 30.56998562812805, 5, -4, 4, 0, 0, 0, 0.10138840383385866, 0.043201970685088825, 0.20226485270943612]
['5dm\r\n', 30.741854190826416, 5, -3, 4, 0, 0, 0, 0.10550708372676072, 0.041352465712127764, 0.2018081594793879]
['5dm\r\n', 30.882477283477783, 5, -3, 4, 0, 0, 0, 0.10826275151562169, 0.04032004900887648, 0.19990735960320838]
['5dm\r\n', 31.05434799194336, 5, -3, 4, 0, 0, 0, 0.10760150362375959, 0.039625899252445446, 0.18633934165477756]
['5dm\r\n', 31.17934560775757, 5, -3, 4, 0, 0, 0, 0.10634378656129959, 0.039367214016543514, 0.17660983844030748]
['5dm\r\n', 31.351210355758667, 5, -3, 4, 0, 0, 0, 0.10434725596555092, 0.03971290992292521, 0.16820792120801376]
['5dm\r\n', 31.49119257926941, 5, -4, 3, 0, 0, 0, 0.09783487316725445, 0.04642356260656019, 0.1459152378114147]
['5dm\r\n', 31.694310903549194, 4, -5, 3, 0, 0, 0, 0.09069838906358053, 0.05745926825602797, 0.12943172989180868]
['5dm\r\n', 31.866180658340454, 4, -5, 3, 0, 0, 0, 0.08051679579583847, 0.06793969761191085, 0.1196330931256549]
['5dm\r\n', 32.00680327415466, 3, -6, 3, 0, 0, 0, 0.06848329384462365, 0.07895599872866603, 0.10644419270508482]
['5dm\r\n', 32.16304659843445, 3, -7, 3, 0, 0, 0, 0.05705265971499186, 0.09559063582218724, 0.09412185675991042]
['5dm\r\n', 32.303669452667236, 3, -8, 3, 0, 0, 0, 0.05329928898681791, 0.10809548821132715, 0.08593092001795283]
['5dm\r\n', 32.44428849220276, 3, -9, 3, 0, 0, 0, 0.05145963493573922, 0.11862255193712731, 0.07480935778552855]
['5dm\r\n', 32.569284200668335, 3, -10, 3, 0, 0, 0, 0.04928048035082603, 0.12908164854911255, 0.06030579603566627]
['5dm\r\n', 32.741153717041016, 3, -10, 3, 0, 0, 0, 0.04756366041035141, 0.13428318313770304, 0.04930709008550482]
['5dm\r\n', 32.866150856018066, 3, -10, 3, 0, 0, 0, 0.043843117560289135, 0.13896290134357045, 0.032835773269301816]
['5dm\r\n', 33.03801965713501, 2, -10, 3, 0, 0, 0, 0.04045346104451126, 0.1428866782808899, 0.013069018631258533]
['5dm\r\n', 33.16301679611206, 3, -10, 3, 0, 0, 0, 0.04088978517600443, 0.14484362575558796, -0.0023144876081964694]
['5dm\r\n', 33.272388219833374, 3, -11, 2, 0, 0, 0, 0.04330350626418519, 0.14624810953156514, -0.013378521307035207]
['5dm\r\n', 33.42863154411316, 3, -10, 2, 0, 0, 0, 0.04867467560111228, 0.14354577659711013, -0.02684142198490383]
['5dm\r\n', 33.6103777885437, 3, -10, 2, 0, 0, 0, 0.056155197694415744, 0.137289329301443, -0.04008611981243293]
['5dm\r\n', 33.81349444389343, 4, -10, 2, 0, 0, 0, 0.06537302673136904, 0.13104804531626899, -0.05468622450662347]
['5dm\r\n', 33.95411419868469, 4, -9, 2, 0, 0, 0, 0.07079217185305986, 0.1282217381392802, -0.06596447857553395]
[False, 34.12598490715027, 4, -9, 2, 0, 0, 0, 0.07079217185305986, 0.1282217381392802, -0.06596447857553395]
['5dm\r\n', 34.70409321784973, 4, -9, 2, 0, 0, 0, 0.07079217185305986, 0.1282217381392802, -0.06596447857553395]
['5dm\r\n', 34.860332012176514, 4, -9, 2, 0, 0, 0, 0.07079217185305986, 0.1282217381392802, -0.06596447857553395]
['5dm\r\n', 35.032204389572144, 4, -9, 2, 0, 0, 0, 0.07079217185305986, 0.1282217381392802, -0.06596447857553395]
['5dm\r\n', 35.17282319068909, 4, -9, 2, 0, 0, 0, 0.07079217185305986, 0.1282217381392802, -0.06596447857553395]
['5dm\r\n', 35.329068183898926, 4, -9, 2, 0, 0, 0, 0.07079217185305986, 0.1282217381392802, -0.06596447857553395]
['5dm\r\n', 35.46969389915466, 4, -9, 2, 0, 0, 0, 0.07079217185305986, 0.1282217381392802, -0.06596447857553395]
['5dm\r\n', 35.641560077667236, 4, -9, 2, 0, 0, 0, 0.07079217185305986, 0.1282217381392802, -0.06596447857553395]
['5dm\r\n', 35.79780411720276, 4, -9, 2, 0, 0, 0, 0.07079217185305986, 0.1282217381392802, -0.06596447857553395]
['5dm\r\n', 35.93842339515686, 4, -9, 2, 0, 0, 0, 0.07079217185305986, 0.1282217381392802, -0.06596447857553395]
['5dm\r\n', 36.11029386520386, 4, -9, 2, 0, 0, 0, 0.07079217185305986, 0.1282217381392802, -0.06596447857553395]
['5dm\r\n', 36.235288858413696, 4, -9, 2, 0, 0, 0, 0.07079217185305986, 0.1282217381392802, -0.06596447857553395]
['5dm\r\n', 36.39153814315796, 4, -9, 2, 0, 0, 0, 0.07079217185305986, 0.1282217381392802, -0.06596447857553395]
['5dm\r\n', 36.57009506225586, 4, -9, 2, 0, 0, 0, 0.07079217185305986, 0.1282217381392802, -0.06596447857553395]
['5dm\r\n', 36.66385054588318, 4, -9, 2, 0, 0, 0, 0.07079217185305986, 0.1282217381392802, -0.06596447857553395]
['2dm\r\n', 36.835712909698486, 0, 0, 1, 0, 0, 0, 0, 0, 0]
['2dm\r\n', 36.835712909698486, 0, -20, 0, 0, 0, 0, 0, 0, 0]
['2dm\r\n', 36.835712909698486, 0, 0, 1, 0, 0, 0, 0, 0, 0]
['2dm\r\n', 36.835712909698486, 20, 0, 0, 0, 0, 0, 0, 0, 0]
['2dm\r\n', 36.835712909698486, 0, 0, 1, 0, 0, 0, 0, 0, 0]
['2dm\r\n', 36.835712909698486, 0, 0, 1, 0, 0, 0, 0, 0, 0]
['2dm\r\n', 36.835712909698486, 0, -20, 0, 0, 0, 0, 0, 0, 0]
['2dm\r\n', 36.835712909698486, 0, 0, 1, 0, 0, 0, 0, 0, 0]
['2dm\r\n', 36.835712909698486, 20, 0, 0, 0, 0, 0, 0, 0, 0]
[False, 36.835712909698486, 0, 0, 1, 0, 0, 0, 0, 0, 0]
['2dm\r\n', 36.835712909698486, 0, 0, 1, 0, 0, 0, 0, 0, 0]
['2dm\r\n', 36.835712909698486, 0, -20, 0, 0, 0, 0, 0, 0, 0]
['2dm\r\n', 36.835712909698486, 0, 0, 1, 0, 0, 0, 0, 0, 0]
['2dm\r\n', 36.835712909698486, 20, 0, 0, 0, 0, 0, 0, 0, 0]
['2dm\r\n', 36.835712909698486, 0, 0, 1, 0, 0, 0, 0, 0, 0]
['2dm\r\n', 36.835712909698486, 0, 0, -60, 0, 0, 0, 0, 0, 0]
['2dm\r\n', 36.835712909698486, 0, 0, 0, 0, 0, 0, 0, 0, 0]
